-7.878766717683468590e-01
2.857007487625882192e+01
-3.507873881018672080e+01
1.248489569974980506e+00
1.070969484092875179e+00
5.567804831038755120e-01
5.484642648877813276e-01
-4.945742676913574831e-01
3.157832116860601057e-01
-5.085295236951566933e-01
4.978962594319246704e-01
1.158740719010082493e-01
2.381288675819273337e-01
5.386379244173686853e-01
-1.022898316749227821e+00
-4.750365947273340606e-01
2.409889421539159304e+00
-1.991592073911917504e+00
-6.943932979226116187e-01
-3.036367557511467918e-01
-4.319381737487902329e-01
-1.880310912488216413e-01
-3.975706332341505944e-01
-3.851789222609520724e-01
-5.026144547270635643e-01
-4.005197175626514783e-01
-4.003758846445490960e-01
-4.958974135098684344e-01
1.219104949504148605e+00
8.900477532043399309e-01
4.353737360280426349e-01
6.422953673754225323e-02
-5.736353057171795777e-01
-1.847242577414121567e-01
1.361152769472351753e+00
1.090022169268705321e+00
2.849354975877638890e-02
-7.194664233455654312e-01
-8.192779470660284113e-01
-4.611076561912433314e-02
-1.397439879504282223e-01
8.202375264249341102e-02
-5.024612955251601676e-01
-4.956656234843893061e-01
-6.060110726975031364e-02
3.084860794744586632e-01
3.656493184665819296e+00
5.050501203008364026e-01
-1.914380548865984299e-01
-1.469071076246890595e-01
-2.197268810688947360e-01
-8.820301003664365869e-02
4.284318845446516422e-01
-4.016138452691357386e-01
-1.043766082560323993e-02
3.459726128953184432e-01
3.615946590248374504e-01
5.011314878563021269e-01
-2.479131955548573296e-02
-4.859486137784470028e-01
6.998309958358326366e-01
7.487016805336503822e-01
8.355477548609185900e-01
8.983633849337872013e-01
7.465669986370410127e-01
-2.028114345367186822e-01
4.504063358596590572e-01
3.391505476740842573e-01
-6.127290437437411530e-01
9.548817541617933280e-01
7.743790254097271397e-01
-4.819481142087286840e-01
-5.406082276699748501e-01
-4.560239391567935119e-01
-3.210627000975387335e-01
7.288152417605562317e-01
7.344708757278585187e-01
7.564476097024354084e-01
-4.863740785724863791e-01
-5.213134801279424302e-01
-4.827478286348265701e-01
1.469023613939720585e-01
-4.567358789905289762e-01
-5.016321740445890409e-01
3.484533398060181497e+01
-3.546464881444480710e+01
-2.664004818194973256e-01
5.072291468375580425e-01
5.586052807933429287e-01
-5.378622499273360003e-01
-5.773216809156735962e-01
5.583912884707803448e-01
5.621273533046799997e-01
-5.433345644464344648e-01
-5.242536236389502280e-01
2.311066461148409079e+00
3.494076913490238923e+01
-3.486673067491129530e+01
-5.404297995023543688e-01
-1.830069777440309853e+00
-2.447494166361680712e+00
-8.136637237899999597e-01
-4.544463190688219911e-01
-3.327993718021497460e-01
-3.151293468447056711e-01
8.234789523773716757e-02
-6.598649381158833149e-01
-1.883620514704904325e+00
-6.308374866769801692e-02
-1.037691114248435964e+00
-1.742102163387601932e+00
-1.807688856897538443e+00
-2.105172213008182691e+00
-1.366029460022500697e+00
-1.358376964849666857e+00
-4.151699095555577146e-01
-3.945681332195582480e-01
-6.030328972548704147e-01
-3.267906603847468561e-01
-3.733207819298676178e-01
-2.096953792887169321e+00
-1.053287981738308510e+00
-9.620492886387473908e-01
-1.714637102188647066e+00
-2.025844138140835415e+00
-2.083905190606211821e+00
3.392302429220695609e-02
6.418410861429657902e-03
-2.625955835197577137e+00
-2.963709448616223874e+00
-1.399846424085499752e+00
-1.764605389092698706e+00
-2.350392342718490735e+00
-2.092269352949795547e+00
-8.741129981760188683e-02
-6.148253656278290791e-01
-1.372226859540347066e+00
-4.184572159902096300e-01
-1.511409260060034176e+00
-1.448986143690335293e+00
-1.094587633935173887e+00
-2.760890244476624789e-01
-2.360831605394957122e-01
2.622903558505742042e-02
-2.813228963793725224e-01
-2.471108038046123112e-01
2.757006337634884119e+00
-3.203007288266404462e+00
3.762262815282724659e+01
-3.183722563215440005e+01
1.177555659607688154e+00
1.053718763875600040e+00
-2.573625381607679952e+00
-3.339793666627761670e+00
-3.830279178244614169e+00
-6.081865014107519229e-01
2.445590506070212389e-01
2.141775932194613041e+00
-3.531773985351613465e+00
-2.340848186877049653e+00
-2.314920032548802631e+00
-2.438589552014199580e+00
1.660895304704049558e+00
1.720297929692952144e+00
-3.328537383879937028e+00
-3.674624767418339655e+00
6.958246317017852123e-01
7.578381971371624115e-02
1.257461861763842670e+00
1.040311561403759466e+00
-5.017332675277028642e+00
3.656436064336835656e+00
3.365467057399298767e+01
-2.962375032794218299e+01
1.763433110724845321e+00
8.332717736441210832e-01
2.627781797346789849e-01
3.451736997892984049e-01
2.299263867169831499e-01
1.702038004715429098e+00
2.396275276241337515e+00
1.141923708310537799e+00
1.228792988005139364e+00
1.254095303734282796e+00
-5.535435513483297904e-02
6.758103808821930292e-01
4.554632227973461900e-01
4.536188521567607879e-01
1.229185700868482112e+00
1.175206833508104953e+00
9.466677702286938612e-01
2.104056594228627952e-01
1.367558939090735670e+00
6.976364955166256543e-01
1.628214451914452798e+00
1.096945514589244164e+00
1.014673973902385562e+00
1.372567353641429122e+00
5.230169154867789771e-01
3.812925108815239383e-01
5.005262132169411293e-01
2.843154913415251728e-01
3.628509459663628589e-01
2.610419109399020332e-01
1.396954590573634025e+00
1.364944482519284685e+00
1.442343930031515065e+00
1.350196707942568741e+00
5.415700966817919237e+00
-6.457238205583190727e+00
3.247064623110959047e+01
-3.282379063821004195e+01
5.826714121071964181e-01
3.183642293500802634e+00
1.105779223799903122e+00
1.314491229526929539e+00
2.532628020715316897e+00
1.497637413744425494e+00
2.286419601098663268e+00
1.605238525097894886e+00
3.401185282258418763e-01
4.196671087522004240e-01
1.618694734690081738e+00
1.994775545695426366e+00
1.180095632697253594e+00
1.200901377867708453e+00
1.464698650885915665e+00
1.070732478873632987e+00
1.705702874005538661e+00
1.895074069860881449e+00
1.450731368026675572e+00
1.754787190490674886e+00
1.811312241297848180e+00
2.356752312913295011e+00
1.769591258106536946e+00
1.804974446535607679e+00
1.766433961356293159e+00
-8.557055909783077563e-02
3.500087116682843913e+01
-2.944741201596770708e+01
1.003765493069483705e+00
-1.003823888896573147e+00
6.179446908767805446e+00
3.262300108260556897e+01
-3.268220489320508193e+01
-1.555835031370086829e+00
-1.605001733710773149e+00
-1.246633489203114564e+00
-1.694710696764334168e+00
-1.180068901240006074e+00
-1.767220226445014086e+00
-2.113555846808290895e+00
-1.099788666240598539e-01
2.268948343988981195e-03
-2.194600440074901293e+00
1.629558577369682321e-02
-1.751390540125277173e-01
-4.619432379700320369e-03
-1.030942036146186985e-01
-1.535954522363840669e+00
-1.486093202719563244e+00
-4.916571115413864018e-02
8.096512853903739537e-02
-2.243427189875752070e+00
-1.841465337466507091e+00
-4.990590312387564037e-02
-4.150780818663555305e-01
-4.089134860802146609e-01
-9.613508143222315727e-02
-7.583151983458145950e-02
-5.107422732055168224e-02
-2.463260695900452990e-01
-1.652430741170171358e-01
-1.100116827521153834e-01
-1.907446464665922381e+00
-1.555080290107627050e+00
-8.256220208910552971e-01
-1.939591676354807115e+00
-2.145349586989728774e+00
1.211377047569903276e+00
3.402368468526883305e+01
-3.332131629399911077e+01
6.191873902596840562e-01
-2.681986698430456340e-01
6.923893959085980487e-01
1.052837512620630411e+00
6.795301681731542587e-01
-3.914654479140257382e-02
1.280232792554417021e+00
1.450472324320557505e+00
1.176494964116225006e+00
4.798984621366734205e-01
5.478840910948138410e-01
4.484663822901955310e-01
5.421241143324321277e-01
2.131313092126957132e-01
6.991755198486913070e-01
9.753678887579311230e-01
1.270061474306007021e+00
6.313233492067603647e-01
8.321130253768151963e-01
1.295901727902618594e+00
7.882319942539270929e-01
3.482791612280707660e+00
1.386063757295753485e+00
1.136717051674826839e+00
1.181402857790176952e+00
1.248800369279500444e+00
1.267963342506067237e+00
5.762133954411203796e-01
-1.985121290957184481e+00
-3.865358722591077933e-02
1.243007991256836364e+00
4.379993849258724259e-01
4.524998611039832142e-01
1.171109946492207010e+00
1.319581466329443176e+00
1.248294748380772479e+00
1.257983402949848895e+00
1.295183591321301453e+00
5.086810158692388617e-01
3.201207153313139031e+01
-2.847098654345120394e+01
6.045869068028285609e-01
6.654845916972139674e-01
1.277407615328208547e-02
4.840189818171637404e-01
-4.591250821291716910e-01
-5.147981025638409536e-01
2.749561454042802056e-01
7.705619911109401476e-01
4.399007840955685977e-01
2.451109786492588483e-01
1.184574080307133404e+00
1.562629468334913729e-01
4.072815894349092192e-01
3.578548253432536908e-01
1.771380545272274454e-01
-1.831229134507105297e-02
-7.206376017069267004e-01
-3.187681184097239662e-01
-1.609200756080606809e-01
1.307160907711101272e-01
-1.521891673395212585e-01
-2.884435500062045368e-02
-5.581003242877147219e-01
-5.399537894236634550e-01
-5.297399083635073030e-02
3.424665410588522141e-01
-1.065740921454670365e-01
5.150587741793039021e-01
3.331994850557790655e-01
2.222105712847485259e-01
-5.530524366840642442e-02
3.417967294203824724e-01
3.182641464783515506e-01
7.526335466475705394e-01
6.206139162764358064e-01
1.925057381102260212e+00
7.635791616086741174e-01
2.575379196907835455e-01
-7.452052693925224069e-01
-2.357531273002355376e-01
-2.546945240223179585e-01
-4.138372624560620050e-01
-6.911662731933149173e-01
7.454178804032558503e-01
-1.518037831206651457e-02
-2.826550247253320491e-01
-1.772544034644040478e-01
-4.509657148287873341e-01
-3.873330669640203672e-01
1.792708050009048926e-01
9.259975707818074442e-02
-3.488135372552400026e-01
-2.144706013789995092e-01
1.267256274374841674e-01
2.542607137046089261e-02
1.689235496272939729e-01
1.607521284718045063e-01
1.319914051924844234e-01
1.257179525771528195e-01
2.606132834922459396e-01
1.747505283060228065e-01
-5.237695552312382485e-01
-2.458441247770017102e-01
1.590648857660626192e-01
8.787121366042469073e-02
-2.617061526265557214e-01
-2.484238668190398291e-01
-3.430985331219689183e-01
-2.216407600691884805e-01
-2.120319730217969656e-01
-2.104335428299147492e-01
-3.675080416004687378e-01
-2.890844177194025200e-01
