2.257665100054008001e+00
0.000000000000000000e+00
0.000000000000000000e+00
4.231382435488675320e-01
1.317102496959639546e-01
-5.699303292400288434e-01
1.804168963093340627e+00
1.252226036289235900e+00
1.526984393094414916e+00
3.890157247703469046e-01
1.593623662166925303e+00
1.336680582988038157e+00
1.937469095803005414e+00
2.707869136848827463e+00
-1.439370998085355291e+00
-2.249022970729521287e+00
8.368872785342584830e-01
1.170498451548931618e+00
5.660321902956143569e-01
1.389652478066758734e+00
7.436230800652382511e-01
1.253751116032297164e+00
5.192205093033913643e-01
6.270431703287596692e-01
1.897760242624293880e+00
2.302089063876910480e+00
2.630546068936676640e+00
2.101571443129751415e+00
1.043392333473150524e+00
1.113462618951900795e+00
6.904258895868973234e-01
2.141485059394450108e+00
2.866879663774364762e+00
-6.113209711753282427e-01
9.446609708283142393e-01
2.806820154490899277e+00
5.861878312454577022e-01
1.178705807300914676e+00
1.550928059061363440e+00
1.586331505170350376e+00
1.448886087753369356e+00
1.450846808733678328e+00
1.486616803257945874e+00
-2.030755436869663644e+00
1.043763103865967157e+00
1.294237848975982264e+00
1.291378410889272854e-01
7.728545732505489596e-01
8.442425518083841451e-01
9.882179132078657835e-01
9.559211734829863305e-01
9.180868525431776783e-01
1.600356279434830276e+00
1.493295462009780916e+00
1.834766414079248120e+00
1.717196793668716026e+00
2.141154668535122152e+00
2.484855026264638056e+00
1.241104317667598655e+00
1.104998243765578758e+00
9.566827446028008941e-01
1.026193512481650805e+00
9.646302442391574417e-01
9.998396508536683269e-01
9.394803095329227194e-01
8.945913323802334727e-01
1.690939041907832951e-01
9.606093402468521836e-01
1.347865174894627094e+00
1.009425521420672434e+00
9.683952276312718377e-01
-2.124421667867288477e+00
-2.230485236768557034e+00
-2.077505110480554862e+00
-2.029080494653522138e+00
1.046212189000126802e+00
9.612971641518931465e-01
9.488494610770746851e-01
-2.002757304329345622e+00
-1.973969285398179840e+00
-1.960886194930713922e+00
-2.050112800261495671e+00
-2.019724660235508118e+00
-1.988889356764065530e+00
0.000000000000000000e+00
0.000000000000000000e+00
-2.585430669685689242e+00
-1.121171425398210353e+00
-1.101096266517384903e+00
2.042241424680733441e+00
2.043654767868566591e+00
-1.093599150720811375e+00
-1.080765050877161793e+00
2.031707553083260009e+00
1.984744872042558672e+00
1.913695615034564368e-01
0.000000000000000000e+00
0.000000000000000000e+00
4.254901877100920049e-01
-1.083594468602302498e-02
-1.620115570530687776e+00
-2.419054157182429776e+00
-2.856046544384170272e+00
-2.693866140494527439e+00
-2.784930313749123698e+00
-3.100863460868088062e+00
2.884658825127934811e+00
5.875466007573173499e-01
2.611093503653473036e+00
2.910299771780918698e-01
3.067146662620932607e-01
3.978757214167779055e-01
-1.539016268462103237e-02
-5.142405923879780037e-03
-1.837785651432098655e-01
-2.622981567146005055e+00
-2.750128931564916002e+00
-2.924917619548082381e+00
2.925833540578717251e+00
3.025793889448248120e+00
5.433776443602824635e-01
1.517559718928366275e+00
-6.034954230995973057e-02
-1.571927507472218460e-02
-6.224318462805306616e-03
-5.507805619096189931e-02
-3.112867834151716195e+00
-2.668830318581932648e+00
-2.852586811286532686e+00
1.123471623416155030e+00
-3.906848359619143896e-01
-7.777564852082424762e-01
4.409002278553085241e-01
1.138026491886544173e-01
1.023529166304334714e-01
-1.531641685352026945e-02
-1.889192792683551003e+00
-3.004984365382323386e+00
-1.055895496286825275e-02
2.491564568582851913e-01
3.069007551773217823e+00
2.956797395882214019e+00
2.972208961791404924e+00
2.778365310634414165e+00
3.015091330578505424e+00
2.958965052697170695e+00
2.717569824714987647e-01
3.248124287848852543e-01
0.000000000000000000e+00
0.000000000000000000e+00
3.124425517566178812e+00
2.891646920794170406e+00
-2.068305218711363302e+00
-1.750706826663271487e+00
2.121917643854675628e+00
2.317818043548804940e+00
1.355346789411437047e+00
2.428113954270726182e+00
-2.800462402849515531e+00
-1.221301348839690215e+00
-2.449121936094536878e+00
2.120938345988605978e+00
2.695435132774300246e+00
2.687915906154837664e+00
-1.826965986811356357e+00
-2.017665205139575590e+00
-1.449908147832148941e+00
-1.490199769360135651e+00
-3.085011234548840076e+00
2.600287403791859742e+00
2.717670151941545598e+00
-2.515396274080709205e+00
0.000000000000000000e+00
0.000000000000000000e+00
-2.045607654537474396e+00
1.774170867949516062e+00
1.428197669767211631e+00
9.988873886762068555e-01
1.026841106123947744e+00
-2.048026212687954040e+00
-2.731449664267250110e+00
-1.883214069734358009e+00
-1.918681490029286563e+00
-1.967306111143809044e+00
-2.197481583360170632e+00
-1.320030545124770138e-01
1.065526744974859108e+00
1.110082522882868128e+00
-1.980450300815113973e+00
-1.966818589055085775e+00
-1.888597279857925360e+00
-1.727533813435811139e+00
-3.017418623807577305e+00
-2.434583890430478625e+00
-2.114263346721677372e+00
-2.562127171859831520e+00
1.858483312862473813e+00
1.445636238038130461e+00
1.002412792225880978e+00
1.023416638589243588e+00
1.067891003382494430e+00
1.081869733139514622e+00
1.109628656445358352e+00
1.160866374330035367e+00
-1.962260141334684294e+00
-1.955201875270064837e+00
-1.965531175129296537e+00
-1.872497017535210695e+00
2.343636819562728846e-01
2.648002060950564562e+00
0.000000000000000000e+00
0.000000000000000000e+00
-1.799552015062771959e+00
2.000995826907826292e+00
1.885539492511731030e+00
2.847177826252590194e+00
1.749680417826835477e+00
1.245369568597875620e+00
2.440947512564774602e+00
1.732467085843655275e+00
4.077132059280730858e-01
8.145556303678838095e-01
1.254963364478081989e+00
1.578369569160973152e+00
-1.687594616213219600e+00
-2.214240470406363848e+00
-1.689861616817934564e+00
-1.533316734207405663e+00
1.123214185442303670e+00
1.259936588320359485e+00
-1.650427130527754471e+00
1.309172472376179952e+00
1.080942070860580362e+00
1.330177801418811701e+00
1.209401881638785925e+00
1.476529137877210740e+00
1.211473302519054718e+00
2.896823686528317565e-01
0.000000000000000000e+00
0.000000000000000000e+00
-2.329996267555737077e+00
8.116443500998438143e-01
-2.579579411817650048e+00
0.000000000000000000e+00
0.000000000000000000e+00
-1.752587943488612243e+00
-1.727685956039115567e+00
-1.650402803085412540e+00
-1.645464364106703492e+00
1.994027886113123316e+00
-1.220874250990874099e+00
-1.983437645950524741e+00
-9.258876640193203222e-02
1.203207700671261593e+00
6.967628315742164791e-01
1.660111135824412054e+00
1.492386407876181487e+00
1.092099974996952882e+00
1.429855217642408194e+00
-1.738214168115713498e+00
-1.724167456261239684e+00
1.367970468617580426e+00
1.367377603902742544e+00
-1.890715239687394744e+00
-2.251527812604129153e+00
1.340181630899630827e+00
1.105088846975213590e+00
1.095961570180380651e+00
1.341665227982593356e+00
1.190413657788469415e+00
1.210648981753507103e+00
1.398311248738216106e+00
2.353859862585292895e+00
1.329811870431888421e+00
-1.739513963245035599e+00
-1.951729841117076036e+00
-2.541145229241954961e+00
-1.464069430318970300e+00
-1.632064581713839502e+00
-8.165386238146957743e-01
0.000000000000000000e+00
0.000000000000000000e+00
2.967429131376674079e+00
2.699484272780112271e+00
8.825921239895939685e-01
4.816761393804781521e-01
6.899763474238526095e-01
1.837710030491856550e+00
8.831583974400240011e-01
8.382824714185511672e-01
7.879039533153282537e-01
-2.767627525045399217e+00
-2.794187296858040792e+00
2.895862251544061294e+00
-2.733479549937421371e+00
2.640658008802096557e+00
-2.709195887872493991e+00
2.873515450692011086e+00
2.987756817743129734e+00
1.204683604153636178e+00
6.142578727131291494e-01
9.482839034351064900e-01
-6.323276421677761494e-01
8.167303512447141589e-01
-3.063444093496074050e+00
7.026778361839881581e-01
7.466116551385563183e-01
7.396589526900630984e-01
5.613520759954133688e-01
-2.786669576890062672e+00
-2.412452351326348055e+00
-2.194654553263531316e+00
7.182475545533070216e-01
-2.763905480791389202e+00
-2.742692132867716293e+00
6.286331688617808888e-01
6.677908209045982924e-01
7.359143524455239449e-01
6.389911555525638054e-01
6.078343313408904880e-01
2.568347673738935466e+00
0.000000000000000000e+00
0.000000000000000000e+00
-2.033752475123450143e+00
-1.874406778443860055e+00
-2.019066738723803045e+00
2.507798853286414165e+00
1.691049423716489253e+00
2.168269298503986864e+00
-1.388858639417404284e+00
-1.891383541568262938e+00
-1.672181271104455247e+00
-2.081752162281870433e+00
-2.099490468527506426e+00
-2.136287315073459592e+00
-2.354837223752973774e+00
-2.344292497794376651e+00
-2.438879726476775200e+00
2.348800667373926121e+00
1.644736831273806432e+00
1.451258594670802315e+00
1.702498132083987370e+00
-1.413267208948874920e+00
1.460475907533660855e+00
1.758233698369269682e+00
1.498467054348337157e+00
1.340243374071007132e+00
1.429796793227911200e+00
1.234936791701442826e-01
-1.572663645426706225e+00
-1.620927955773100004e+00
-1.482031824132974185e+00
-1.838799972594448606e+00
-1.832110751156420969e+00
-1.826464309613466286e+00
-1.965844014010427854e+00
-2.469261634681712003e+00
-2.443770253516754920e+00
-2.740142690414934634e+00
-2.804401446975099521e+00
-1.441717880211515368e+00
2.334278007265300658e+00
1.434913354606843328e+00
1.518674177174540230e+00
2.005346621044699962e+00
1.416933697218940580e+00
2.485960344836376290e+00
2.265223586607380657e+00
1.375794879766625511e+00
1.462221753797389390e+00
1.445035285334375086e+00
1.693575714216112527e+00
-1.436162537322909438e+00
-1.402808107146617189e+00
1.564025359579886532e+00
1.529823179981731451e+00
-1.598861624371634926e+00
-1.220442600518626408e+00
-1.506308060577141061e+00
-9.685583784172543398e-01
-1.424799492775349563e+00
-1.441945750521843594e+00
-1.357455031097253073e+00
-1.384603910169061702e+00
1.451856779435729328e+00
1.449785651160575339e+00
-1.475985610631996847e+00
-1.427777147854042639e+00
1.416622389747370203e+00
1.452391463512681113e+00
1.389189583006821049e+00
1.431202122770755869e+00
1.510503585319168618e+00
1.509018156110082387e+00
1.426650423361683462e+00
1.345998677192317583e+00
