2.080501101177627959e-02
0.000000000000000000e+00
0.000000000000000000e+00
1.346153329882091576e+00
7.214193720936868948e-01
7.967847141675039602e-01
1.410003539254300220e+00
2.690305176260173514e+00
1.737979329672779460e+00
2.140659930686181767e-01
1.347069626643287998e+00
1.889816256638077618e+00
6.269132553887096782e-01
3.912772476270377497e-01
7.378280739884727213e-01
1.801960122704603151e+00
1.461254571030563831e-01
1.605885259527938813e-01
3.874599474530049381e-01
2.678992111623532679e+00
2.357326250149391456e+00
1.662267611170178405e+00
9.095974889845702682e-01
4.770857510977648541e-01
1.419885416070622908e+00
6.299146977687479776e-01
8.973747014494730667e-01
6.556799411143643397e-01
7.245646723249252741e-01
5.733412622881380039e-02
8.219390412195077822e-01
3.621489139157172965e-01
5.442533509766855904e-02
9.401796545739021793e-02
3.257584629024351530e-01
2.123920063917021372e-01
9.034192729741910566e-02
5.394781728481912175e-01
2.298588403494536969e-01
1.239447657456778540e+00
5.319238629380901306e-01
1.323818907799096056e+00
6.427486806964806121e-01
1.211886223347099945e+00
7.588807093722639285e-01
1.199291806000037930e-01
3.327398485936097425e-03
2.510281050716996476e-01
7.613381221819975897e-01
1.055324708442696213e+00
2.428577717951519332e+00
4.000144540294224837e-01
7.301237177809017931e-01
2.806097514935182446e-01
1.138431110982691230e+00
1.125582081289727004e-01
6.860464416246593311e-01
1.945970236070952153e-01
1.588499531711439872e+00
3.282300890504196711e-01
2.832877941771278163e+00
1.197200697932011693e+01
6.424476446500594129e+00
2.765282562423957202e+00
4.881668749481809400e+00
6.876831317253102871e-02
2.801410605050252411e-01
3.762997354871406297e-01
4.304984388847764298e-02
1.170093917826938723e+00
4.532657795267224787e-01
8.114079884971198142e-01
1.529487279311196657e+00
1.396178920617310659e+01
7.697653312148419191e-01
4.751002998856616699e+00
3.334948069569363849e+00
8.563873022871430152e+00
2.772521418382648406e+01
1.293683165844545568e+00
2.685397453883535235e+00
1.624344483623611085e-02
2.887483279418460924e+01
2.489888394348099165e+00
0.000000000000000000e+00
0.000000000000000000e+00
1.864540985253302426e-04
1.100836636647605715e+01
5.888265800276633399e+01
4.533475305591278470e+01
3.239207403645511363e+01
1.180744717016483492e+01
8.636366545206316303e+00
1.201507908194780150e+01
5.902247789776561282e-01
1.732261686878224438e+01
0.000000000000000000e+00
0.000000000000000000e+00
3.243472257758700517e-01
4.832131054027466455e+00
3.825544355305035560e-01
1.138686144233832298e+00
2.970233613297817321e+00
3.487024549674157203e+00
3.583259161491281652e+00
8.076308451952098899e-01
1.111331200791286777e+00
3.523142384290823270e-01
1.472076329887687107e-01
8.786651005016519189e-01
1.139900620233622375e+00
1.276871444149468182e+00
1.888766687323180316e+00
1.043564131646739446e+00
5.462381393667553597e-01
1.468778803362154273e+00
4.163559014816989645e+00
1.885184335420896806e+00
8.464777681252767749e+00
3.766938182903358801e+00
3.999991904096473344e-02
2.202483178206466607e-01
2.874215430604962762e-01
6.802478942536409612e-01
5.542548857744816537e+00
5.708724763171929562e-01
6.958952998191084149e-02
1.344659733917558997e+00
4.163287534756072300e-02
1.265429938399398879e-01
1.682546456166139071e-01
3.833209534189825907e-01
1.821097402185766490e-01
5.781731334171068548e-01
3.829863948663248530e-01
1.593696601929660284e-01
3.781607643649357864e-01
1.559066907097147459e-01
3.241258695768753917e-01
7.920268250801236753e-01
2.272608299801451640e-02
1.112296786879139354e+00
8.308941135083898200e-01
2.055831777592394549e-01
1.907629195009972412e+00
2.210903675797994072e+00
1.061220777810624050e+01
6.912912226600330390e-02
0.000000000000000000e+00
0.000000000000000000e+00
7.113092944104937310e-01
9.639974809662497091e-01
2.398748023889022418e-01
2.545271516583273108e+00
2.214818970050646749e-02
4.069901126903044397e-01
3.165828852085777467e-01
3.554412234782662883e-01
6.137293503830613117e-01
8.629556898279963639e-02
9.235617529262395431e-01
3.456192922276577484e-01
1.267830432292425202e+00
4.007166089000723908e+00
1.669696878443605481e+00
1.143252713998173631e+00
5.370352357442716995e-01
8.512432890677879005e-02
8.461548711207357576e-02
5.461072157818610551e-01
1.144733078488916034e+00
3.691855150233820382e-01
0.000000000000000000e+00
0.000000000000000000e+00
1.034378422682868059e+00
1.771436848486307447e+00
1.207366875084241009e+00
7.328514925201878860e-01
5.369884195737937738e+00
4.166714280591448105e-01
4.518789876292015339e-01
2.345381121817155190e+00
7.912905734766165544e+00
3.964774327430777845e+00
7.089343390352842444e-02
3.853336891239270146e-02
2.091365048001370130e+00
4.381563725936179488e+00
1.362511912625034238e+00
4.313227183373398610e+00
2.392893138347506887e-01
1.284200269668411831e-01
8.033687036271000559e-02
2.849040497301984498e-01
3.987959232350429817e-01
1.892426043780160716e-01
1.140173610010544625e+00
2.748500686892435541e-01
1.520399447748115529e+00
5.924330721656669851e+00
5.983696863879750527e-01
6.461288071817020695e-01
7.838768455680171776e+00
3.797081145878502095e+00
1.987036833329119512e+00
8.533062312147231765e+00
4.620094745059941110e-01
2.299954389462488091e+00
4.339989205460613175e-01
3.186749985861224710e-01
0.000000000000000000e+00
0.000000000000000000e+00
9.866559215073907874e-01
1.378293849112394165e-01
6.635115787228651474e-01
4.186883528795005693e-01
3.592728532288217980e-01
4.161333882190995093e-01
3.049417670469625752e-01
5.775423933349052019e-01
4.163055880598698910e-01
2.580762477430437740e-01
1.318724885772555089e+00
2.249799879112400536e+00
3.971299126678379476e+00
5.398286450486174948e-01
4.586432400574855794e-01
2.186493776174738002e-01
5.824618267437555730e-01
3.237799803993990366e-01
4.920316747445323102e+00
1.142208771985146365e+00
2.897092759639237625e-01
6.011622128975573770e-02
8.205651942956394551e-01
1.204283127170411083e+00
2.120992970994288462e-01
6.496136019843837088e-03
0.000000000000000000e+00
0.000000000000000000e+00
6.752670574935783065e+01
6.752107454398357334e+01
3.518512787623931937e-01
0.000000000000000000e+00
0.000000000000000000e+00
1.278782353085468948e+01
9.801696914844416852e+00
1.274551158331588052e+00
1.143464772917776040e+00
1.561830525281587612e+00
6.048601199611352008e-01
1.046326748702513187e+00
2.366892785982282199e-01
3.702953649805180714e-01
1.944560391671774358e-01
1.529343501679078621e+00
3.523084480665460205e+00
1.044960146105811560e+00
4.467083231834293677e+00
3.739053343386032680e+00
1.815511538694210669e+00
5.153331502277958442e+00
8.030022101265759105e+00
2.245796346627517703e-01
2.773212532668341002e-01
5.150578592245838028e-01
3.431657396416928213e-02
1.521195932879040036e-01
4.511978835095642459e+00
1.284868997429742699e+00
7.060067710873698665e-01
3.517870623597085800e-01
2.366518255147746427e-02
7.992829076657045340e-01
6.559898458883572925e-01
1.630719547740934194e-01
1.477290611738712733e-01
5.081902719560769249e-02
2.009606699278524999e+01
8.782070194441495004e-02
0.000000000000000000e+00
0.000000000000000000e+00
2.410137597213672045e+00
6.647917483996956811e-01
1.968002304946393055e+00
1.083195136179537776e+00
3.125030433480426861e+00
5.344577262994397726e-01
5.994093486954932271e-01
1.343279310825306938e+00
2.046757947339315820e+00
9.009168014733528906e+00
2.463418342620621537e+00
3.160938146516440450e-01
7.494172711253647146e-01
6.329931541477579193e-01
2.739680223243933996e-02
1.571607960332767950e+00
1.153396827990868651e-01
8.152842706823330010e-01
9.712340674948753971e-01
6.527771492568743561e-01
2.014018942266483092e-01
2.334842913265069292e-02
8.010668874047847943e-02
1.833421007412334269e+00
2.530539594083979882e+00
2.442562830676771490e+00
2.163164591874516596e+00
6.213817693532482700e+00
1.219454841291637594e-02
2.876583736494359167e-01
8.739335275797525782e+00
6.379912847502046347e+00
4.325250376623749560e+00
5.625572572566844620e+00
7.207518427131194283e-01
2.599885109337868982e+00
2.134018176071168948e+00
3.625837414291656291e+00
5.168641156632951478e-04
0.000000000000000000e+00
0.000000000000000000e+00
5.469280948489293692e+00
1.662690088250449394e+00
1.100275731284251046e+00
4.807527530342344257e-01
6.240557910689078502e-01
4.299867113340029579e-01
3.551554774352907451e+00
1.473852385242143459e+00
3.222777047673719863e+00
1.086297572010978207e+00
4.534118038298754483e-01
1.155824839855310593e+00
3.590706794301781191e+00
2.309500821805744675e+00
1.664959218019798515e+00
1.194563411389643282e+00
6.603427172912226251e-01
4.895541764992965561e+00
1.142137038321376030e+00
9.048843400599534403e-01
7.815174301111311728e-01
1.752168405682844043e-01
2.168982851652758281e+00
3.318629499999244947e-01
1.189756024392078781e-01
1.078641086459566911e-02
6.880027484738285848e-01
1.103911281103792108e+00
2.694619797518828630e+00
6.719911695405647034e-01
3.495937726220529895e-01
5.888331445884792403e-01
1.551042556296598596e+00
5.602280730080548832e-01
1.796356547973953388e+00
7.641620329840642656e-02
1.577096135252886167e-01
3.029901712926183599e+00
1.035632816934291822e-01
1.723106447180157152e-01
4.451802957285546825e+01
2.139662637264637401e-01
2.057996683200843946e-01
5.103192248786017626e-02
5.446835423764453399e-01
5.198071119763565395e-01
1.886014022102523446e+00
7.832933297007673712e-01
3.550885705213082111e-01
1.778039926191542364e+01
7.435414821566215693e+00
2.801676323652536826e+00
5.864764717759157975e+00
5.550329886294355752e+00
9.343506843650163374e-01
1.032021887973858520e+00
6.252847135355385499e-02
8.226633466473064260e+00
6.643929014242860198e+00
1.801157802369028893e+00
1.246677852056080837e+00
1.728706179655776498e-01
1.355637028285200163e+00
9.396188980413436198e+00
2.622351247599255530e-01
6.600996711057436350e+00
8.906311297815101113e+00
2.931436084494924099e+00
2.313035383596609318e+00
1.867256646007887655e-01
1.081774032339237523e+00
1.720247702413200352e+00
8.369500831240606065e-01
