-1.319285526469644518e-02
0.000000000000000000e+00
0.000000000000000000e+00
1.227429060310298858e+00
7.151709691308910655e-01
6.708437826001341087e-01
-3.260774796147064558e-01
8.426280863632511497e-01
7.611987787589871712e-02
1.980715861204411232e-01
-3.074733963345255283e-02
4.384051364985880883e-01
-2.247555285721417606e-01
-3.550478021183613997e-01
9.669038588492667730e-02
-1.130573427626147431e+00
9.787153679688377628e-02
6.258017406722074516e-02
3.270299503206495206e-01
4.826333534837219941e-01
1.735040959567176744e+00
5.182292168543702893e-01
7.897182062168930372e-01
3.863278080380105339e-01
-4.560235698636836976e-01
-4.206774394247862481e-01
-7.827199275319703942e-01
-3.319064746874355598e-01
3.646674489825922905e-01
2.531630736554957295e-02
6.336943294265198201e-01
-1.956371041050501969e-01
-5.238455346288856118e-02
7.699042452778989687e-02
1.909002015532139385e-01
-2.006010812490367501e-01
7.525984648055797366e-02
2.061460054431880073e-01
4.566596524623350861e-03
-1.925426594739410024e-02
6.468645752050972142e-02
1.584109349477484663e-01
5.404239908503165324e-02
-5.379701913337061603e-01
3.816952654568095404e-01
3.274624599670237363e-02
3.299692205051198146e-03
1.797161861528498994e-01
5.057551188722582136e-01
5.806173443599818018e-01
1.400940954870190103e+00
2.429452386228826422e-01
-2.157927956917286838e-02
2.172573430718970078e-02
-2.970339450117568947e-01
-1.641977279165671502e-02
-3.704195952044752049e-01
-1.541185541665289205e-01
5.142793295210503768e-01
1.474199500583271150e-01
1.632401418450778019e+00
6.202438284102115063e+00
3.660157826651006197e+00
1.494461642882065178e+00
2.881198121666513234e+00
4.303779678277835918e-02
2.761455928130870374e-01
2.156275428201859801e-01
9.517854907090089744e-03
6.228961276811006975e-01
2.568306147631023162e-01
-4.266176127854503508e-01
-9.373784956425160741e-01
-6.775687256656357960e+00
-3.405518636598361959e-01
2.379554607743818995e+00
1.909113959938475658e+00
4.989471458166538476e+00
-1.160722915473026973e+01
-5.075621856616400196e-01
-1.021180207686325447e+00
-7.491034663077041772e-03
-1.253168625323327845e+01
-1.010940699880787719e+00
0.000000000000000000e+00
0.000000000000000000e+00
-1.583531476944801471e-04
4.784541472772752435e+00
2.665140084807897125e+01
-2.058987590387709332e+01
-1.475241709420601488e+01
5.423057457941726334e+00
4.064736001105407226e+00
-5.343879788853264756e+00
-2.374046398148005610e-01
1.700638661428664022e+01
0.000000000000000000e+00
0.000000000000000000e+00
2.954272948062701687e-01
4.831847367952737393e+00
-1.885964761510135895e-02
-8.541620259161699646e-01
-2.849962815484265555e+00
-3.143321312288232416e+00
-3.357755275178027965e+00
-8.069610616579723228e-01
-1.074850295237494091e+00
2.932322513710552414e-01
-1.269746248325319682e-01
8.417162164284838211e-01
1.086702197000772419e+00
1.177130097463396918e+00
1.888543007831126719e+00
1.043550333495477656e+00
5.370395961949785413e-01
-1.275646825355079006e+00
-3.848592350017127295e+00
-1.841104313571025664e+00
-8.268514682702681640e+00
-3.741710289252261568e+00
3.423861964415950837e-02
1.171973560984776452e-02
2.868982976018776276e-01
6.801638528503759495e-01
5.542441492988639418e+00
5.700067980265722811e-01
-6.956082226464846419e-02
-1.197169204268417886e+00
-3.990626356565122462e-02
5.473680689278186129e-02
1.555764016976756703e-01
2.731121794825018823e-01
1.646941949704830155e-01
5.744331998236272829e-01
3.809820399771240984e-01
1.593509670849256876e-01
-1.183809679516204943e-01
-1.544542000198858844e-01
3.241078011002089254e-01
7.675696488608694246e-01
-2.266624199169842147e-02
-1.093358701282697742e+00
-8.190030617136598856e-01
-1.921699119321491622e-01
-1.892386039867874681e+00
-2.174136079476054917e+00
1.022274788769463605e+01
6.551440213933766576e-02
0.000000000000000000e+00
0.000000000000000000e+00
-7.112044818046678873e-01
-9.340420749848752369e-01
-1.144773470235794510e-01
-4.554547503475797621e-01
-1.159774118641450358e-02
-2.765321033150619501e-01
6.768117679204392612e-02
-2.687454687396779729e-01
-5.783645095841263295e-01
2.954961866864971864e-02
-7.108386600995239002e-01
-1.806926340998143421e-01
-1.143724789398457009e+00
-3.601808224924897939e+00
-4.230629076796811328e-01
-4.940497975385285678e-01
6.476320128010719379e-02
6.853302617414670957e-03
-8.448007682276377495e-02
-4.680340216428193756e-01
-1.043404144141897749e+00
-2.991371934695133961e-01
0.000000000000000000e+00
0.000000000000000000e+00
-4.728874601620840501e-01
-3.577867871150162138e-01
1.715859966836358330e-01
3.966472237050587824e-01
2.779046034214309291e+00
-1.913856577535170689e-01
-4.144018690200093613e-01
-7.208769053329795451e-01
-2.697592034675830863e+00
-1.531200902206911074e+00
-4.157638460122750623e-02
3.819813786815939166e-02
1.012311351998088860e+00
1.947988899364534454e+00
-5.426775354284247843e-01
-1.663833994418845164e+00
-7.477273916482977956e-02
-2.004591959514773203e-02
-7.971830107472073490e-02
-2.166149050394867437e-01
-2.062199994805539727e-01
-1.583497823293872342e-01
-3.235071942622490537e-01
3.431051569543943497e-02
8.183860804533110711e-01
3.083327148469166001e+00
2.883981362495252609e-01
3.034728190026071970e-01
3.488205698439629465e+00
1.513308027859454175e+00
-7.581378140132719601e-01
-3.199967772272928723e+00
-1.776719533865773748e-01
-6.834188210575377065e-01
4.221343911331936205e-01
-2.806371058591450307e-01
0.000000000000000000e+00
0.000000000000000000e+00
-2.237398221667134535e-01
-5.748203895379307149e-02
-2.054047815527691723e-01
-4.006730771181158390e-01
-6.392598721119485683e-02
1.330433265560903855e-01
-2.331055423431835638e-01
-9.296549883130592051e-02
3.821810029635068218e-01
1.770897804292110578e-01
4.096069492837820514e-01
-1.703811689123879702e-02
-4.627870565127453761e-01
-3.238725853541232769e-01
-5.447955521658416622e-02
8.192971139999852270e-03
2.520819712683655678e-01
9.903694017991632181e-02
-3.913948276708307805e-01
2.954317150801965552e-01
1.363074287639490789e-01
1.432589861229553035e-02
2.901345774669681910e-01
1.133563244031469963e-01
7.458271840112068451e-02
6.225472268572608721e-03
0.000000000000000000e+00
0.000000000000000000e+00
-4.648142129386721422e+01
4.647519582159863916e+01
-2.977309184118341889e-01
0.000000000000000000e+00
0.000000000000000000e+00
-2.311935628285347821e+00
-1.531483758302261355e+00
-1.013553959482620392e-01
-8.530095544749377590e-02
-6.414578842616611709e-01
2.073609326441182565e-01
-4.196087754491341637e-01
2.356754724790553479e-01
1.330716355955810504e-01
1.491329289663115287e-01
-1.364114917133286697e-01
2.759617913570643344e-01
4.813321069737966917e-01
6.275133117202151833e-01
-6.230640771814937029e-01
-2.773567005302186028e-01
1.038077115962444230e+00
1.622214941645970576e+00
-7.062795696415380409e-02
-1.745353585278557329e-01
1.177298596484848275e-01
1.541003083349737693e-02
6.954778369538291982e-02
1.024812149422025032e+00
4.770407821585272434e-01
2.488053494333012927e-01
6.037759316885822625e-02
-1.669469827470295917e-02
1.907558603891073568e-01
-1.101527209447188960e-01
-6.062807025924149551e-02
-1.218887218407033041e-01
5.413466248507192713e-03
-1.230480788502263723e+00
6.013504001333685317e-02
0.000000000000000000e+00
0.000000000000000000e+00
-2.373676630675848109e+00
-6.008730923446182759e-01
1.249978937336531537e+00
9.599488371053481739e-01
2.410214317551017782e+00
-1.409662655844352575e-01
3.804533079048297295e-01
8.983056629159572593e-01
1.443645313424875898e+00
-8.386509895169337980e+00
-2.316251876687851485e+00
-3.065983256639647214e-01
-6.878686230318538097e-01
-5.552198717481607870e-01
-2.487531009325629622e-02
-1.515473243445706553e+00
-1.139775886184908188e-01
2.918623881966141420e-01
7.936938383287943655e-01
3.806200806755539179e-01
1.624616440802455486e-01
1.598452478998304421e-02
-7.986219952475219486e-02
1.399109857699377013e+00
1.857401616300095260e+00
1.804317449975332499e+00
1.831196987971984713e+00
-5.826530469068773144e+00
-9.094053178187885833e-03
-1.680416670029610815e-01
6.580370848787627125e+00
-5.930256755707517868e+00
-3.985668890848319545e+00
4.550143197553117247e+00
5.659283079470405209e-01
1.927079796047546090e+00
1.712971752526960545e+00
2.976401839764311941e+00
-4.342410353271530733e-04
0.000000000000000000e+00
0.000000000000000000e+00
-2.442553675114895739e+00
-4.970902478579395378e-01
-4.768677339009797511e-01
-3.873841268760383483e-01
-7.486390457393002351e-02
-2.418911857032041424e-01
6.426027566897576371e-01
-4.644461284790191713e-01
-3.261816022703808438e-01
-5.312117052334118794e-01
-2.287037280630419278e-01
-6.193261262164510006e-01
-2.535564668610481132e+00
-1.613511773061570009e+00
-1.270516492163336952e+00
-8.384154139004164064e-01
-4.878159550209043571e-02
5.838092707604856102e-01
-1.499870341344119173e-01
1.419568078887006590e-01
8.604255090834417308e-02
-3.265021544134309728e-02
1.567441996502325630e-01
7.583595410515647783e-02
1.671997441156372957e-02
1.070426524470273304e-02
-1.284719604350779629e-03
-5.531769341811725721e-02
2.388726125964568681e-01
-1.779478838982717914e-01
-9.031775251449865316e-02
-1.489110354226456101e-01
-5.969221455235459439e-01
-4.383067621984061413e-01
-1.376446027647609593e+00
-7.034076237826106248e-02
-1.488286132754307878e-01
3.900098891254047406e-01
-7.160788992434963252e-02
2.334209538785171970e-02
2.319324906449953705e+00
-9.008033923982373958e-02
3.154008841972906485e-02
-4.045109599834639802e-02
-3.485677488059948370e-01
1.007219608564830365e-01
2.043710782295286577e-01
9.824832628830537651e-02
-4.348810245264021074e-02
2.386617181564396173e+00
1.243195617825364252e+00
1.896991358464560073e-02
2.402306361557365877e-01
-1.557512115048843016e-01
3.206972478168828022e-01
6.650718223764759407e-02
3.542163595675047738e-02
1.196800196341312850e+00
8.537072236539444692e-01
3.813530546704447244e-01
2.307830990548734029e-01
2.051270887541096349e-02
1.636464741806148426e-01
8.895253396344776631e-01
3.737692653629799688e-02
1.013674712950481061e+00
1.052088215787732928e+00
5.294470417361732961e-01
3.218386981750900322e-01
1.125138246535262350e-02
6.678751898919275953e-02
2.471088406129876014e-01
1.865637961269802081e-01
