1.608717045241031540e-02
0.000000000000000000e+00
0.000000000000000000e+00
5.527627786477850025e-01
9.474384066751523337e-02
-4.299238305534307525e-01
1.371781126126822681e+00
2.554940282958505726e+00
1.736311583374943179e+00
8.119049304066554285e-02
1.346718671486495822e+00
1.838261793147322853e+00
5.852394229358841571e-01
1.644352234818048375e-01
-7.314651297518995898e-01
-1.403162146212351580e+00
1.085071956074498967e-01
1.478931928163277620e-01
2.077898517097475084e-01
2.635159156530430646e+00
1.595813246676315078e+00
1.579421441523419789e+00
4.513454848966677035e-01
2.799314891845226527e-01
1.344662447790830440e+00
4.688528750302149439e-01
4.388973340610282659e-01
5.654681929519068673e-01
6.261083101459801181e-01
5.144207044622694375e-02
5.234646925376315041e-01
3.047588544205456773e-01
1.476399874652132432e-02
-5.396158225791483631e-02
2.639615297718580500e-01
6.978230850874886371e-02
4.997618768508664544e-02
4.985383871071915607e-01
2.298134736758855601e-01
1.239298095220807916e+00
5.279760015156251818e-01
1.314306842535399644e+00
6.404727048346405827e-01
-1.085935675615675056e+00
6.559029313741524536e-01
1.153719711737291043e-01
4.284997504482301878e-04
1.752632362207273697e-01
5.690760019734782960e-01
8.812455615082689375e-01
1.983772712055997811e+00
3.177879394547998837e-01
7.298047533138445342e-01
2.797674482531294360e-01
1.098997829826809491e+00
1.113541255575001415e-01
5.774504684857479919e-01
1.188085554931086057e-01
1.502946284294566004e+00
2.932615721209425041e-01
2.315267380242325590e+00
1.024005422079365601e+01
5.279880897865622202e+00
2.326665435338790999e+00
3.940734343161518272e+00
5.363607875935355596e-02
4.714472770935215773e-02
3.083930182494747374e-01
4.198451496432794444e-02
9.905151137945775730e-01
3.734807922910819977e-01
-6.902031123214279473e-01
-1.208574736407202810e+00
-1.220744117485710056e+01
-6.903354932915644060e-01
4.112146564011273320e+00
2.734440073340876687e+00
6.960251124780377552e+00
-2.517855700568705757e+01
-1.189956621594226327e+00
-2.483656672882523786e+00
-1.441297678567560192e-02
-2.601370424492911582e+01
-2.275421525263813471e+00
0.000000000000000000e+00
0.000000000000000000e+00
-9.843480823440311047e-05
-9.914246968574003560e+00
-5.250590677538820472e+01
4.038931597469230184e+01
2.883769495403139160e+01
-1.048838674363680212e+01
-7.620022857214833856e+00
1.076127660399755648e+01
5.403742469008194771e-01
3.294824655126784130e+00
0.000000000000000000e+00
0.000000000000000000e+00
1.338799325961601006e-01
-5.235968014417395622e-02
-3.820892694592408767e-01
-7.530029007599482460e-01
-8.366598280790132902e-01
-1.509593103370852951e+00
-1.251089817089616307e+00
-3.288505859151311106e-02
2.824072957274214590e-01
1.952950827740589368e-01
7.448175520752567391e-02
2.521233226833565766e-01
3.441682132950270590e-01
4.947377270131738669e-01
-2.906727909421275013e-02
-5.366406720609541436e-03
-9.982272796106701762e-02
-7.280359538975191835e-01
-1.588571872234136428e+00
-4.052837093524611634e-01
1.812215808055197108e+00
4.352325644055324294e-01
2.068116167303730990e-02
2.199362846373009162e-01
-1.733523142104451478e-02
-1.069256340850127662e-02
-3.449836642849581081e-02
-3.142665142866077344e-02
-1.998671801285746563e-03
-6.122872662162455182e-01
-1.186534609416459510e-02
1.140921174365581298e-01
-6.407502638607175116e-02
-2.689696836975414840e-01
7.771601910482801856e-02
6.565570154788047397e-02
3.913136679919966554e-02
-2.440876711428030879e-03
-3.591538808531934412e-01
-2.123196421134276868e-02
-3.422366864182603552e-03
1.953031638097610379e-01
1.648126938804037739e-03
2.043792857191502887e-01
1.400678862785614820e-01
7.304223384848715361e-02
2.406745141629625384e-01
4.015312834357633864e-01
2.848575003459351773e+00
2.206124787026295803e-02
0.000000000000000000e+00
0.000000000000000000e+00
1.221054362869365695e-02
2.384461060013850497e-01
-2.107957728218425864e-01
-2.504190101313384709e+00
1.886888195899708021e-02
2.986150492922529098e-01
3.092636116891730458e-01
2.326248834059194137e-01
-2.053246443443343394e-01
-8.107863628973120684e-02
-5.896394752525494498e-01
2.946232630700055810e-01
5.470718519191543061e-01
1.756233918275329264e+00
-1.615210649429334788e+00
-1.030990574940590099e+00
-5.331159087767478599e-01
-8.484800301164190095e-02
-4.785110158963878924e-03
2.813845157677746789e-01
4.708732451246562256e-01
-2.163674744185519472e-01
0.000000000000000000e+00
0.000000000000000000e+00
-9.199544398139243295e-01
1.734928564276067009e+00
1.195112135656218877e+00
6.162323344454883056e-01
4.594840521210045381e+00
-3.701170206395549278e-01
-1.801824364734673778e-01
-2.231848806244240979e+00
-7.438889324472355291e+00
-3.657165468574660849e+00
-5.742197501065916115e-02
-5.071763316997338067e-03
1.830036472482877707e+00
3.924721637567725185e+00
-1.249775901746573048e+00
-3.979395076441575085e+00
-2.273068700969993472e-01
-1.268458293904418666e-01
-9.950136352585930988e-03
-1.850629635216121394e-01
-3.413378095129964152e-01
-1.036248510156226321e-01
1.093315579430314655e+00
2.727001077579451760e-01
1.281350343986000340e+00
5.058733852959457877e+00
5.242831263695636457e-01
5.704267556809199391e-01
7.019879764436126379e+00
3.482488196850368034e+00
-1.836720564476205908e+00
-7.910332400057667357e+00
-4.264802826779952039e-01
-2.196071243979140775e+00
1.007850130612402140e-01
1.509853288861808807e-01
0.000000000000000000e+00
0.000000000000000000e+00
-9.609528601458064978e-01
1.252707250027922936e-01
6.309171822153586406e-01
1.214949468482108413e-01
3.535398863300330263e-01
3.942923662076115998e-01
1.965993067602585520e-01
5.700110807046270267e-01
1.650697538123870878e-01
1.877300170901358700e-01
1.253498093917287060e+00
2.249735361909700693e+00
-3.944241992307359279e+00
-4.318813662003286868e-01
-4.553960910172940024e-01
-2.184958250319849471e-01
5.250870969421431722e-01
3.082615126596813804e-01
-4.904724965180355944e+00
1.103340826999793967e+00
2.556398823409639087e-01
5.838431888023624255e-02
7.675605285887910911e-01
1.198936276081908003e+00
1.985535946437911314e-01
1.855607237953642687e-03
0.000000000000000000e+00
0.000000000000000000e+00
-4.898299157730552622e+01
4.898113597006756947e+01
-1.874983268948741122e-01
0.000000000000000000e+00
0.000000000000000000e+00
-1.257709761061532383e+01
-9.681312922766567297e+00
-1.270514753521801543e+00
-1.140278665021689175e+00
1.424024709202727612e+00
-5.682052519401420421e-01
-9.585030728257736277e-01
-2.188347036289529923e-02
3.455583845401121179e-01
1.247899061082903827e-01
1.523247665698710396e+00
3.512259863338248689e+00
9.275026198052728210e-01
4.422788672743594773e+00
-3.686775157290208771e+00
-1.794200492643676315e+00
5.047694669221336028e+00
7.864456346748776916e+00
-2.131846711194890220e-01
-2.155098284000996900e-01
5.014222556849259327e-01
3.066199925557629158e-02
1.352903412854648546e-01
4.394054285821698436e+00
1.193029937894976911e+00
6.607128414936300764e-01
3.465669971113945480e-01
1.677283263826905013e-02
7.761864261978269619e-01
-6.466753868650836345e-01
-1.513826262504533449e-01
-8.346864682833343707e-02
-5.052987144535583952e-02
-2.005836049151673706e+01
-6.400197381803270080e-02
0.000000000000000000e+00
0.000000000000000000e+00
4.176391869619576203e-01
2.844285422325617541e-01
1.520061093670037833e+00
5.018066691297529136e-01
1.989141059264260658e+00
5.155323201976238501e-01
4.631920204492173121e-01
9.987223051801907836e-01
1.450898447177831008e+00
-3.291133557898323403e+00
-8.386937310483100205e-01
7.689451450579105896e-02
-2.974273082775852339e-01
3.039921499214791045e-01
-1.148058013898838742e-02
4.162840729375478221e-01
1.767347506598648463e-02
7.612521188004619521e-01
5.597729047225721288e-01
5.303266547878453530e-01
-1.190333449115232450e-01
1.701893387380153111e-02
-6.253852255416067485e-03
1.184873071898120189e+00
1.718630231606702363e+00
1.646375328264559679e+00
1.151520144323135098e+00
-2.159414972040012870e+00
-8.124358915462322195e-03
-2.334723497151310057e-01
5.751060819990083672e+00
-2.352730913875834773e+00
-1.679950687671461385e+00
3.308060406186295488e+00
4.463276476295827133e-01
1.745212319868884032e+00
1.272698452441438199e+00
2.070683230995224999e+00
2.803270184951896747e-04
0.000000000000000000e+00
0.000000000000000000e+00
-4.893563695068315234e+00
-1.586644136235601854e+00
-9.915663614792695757e-01
2.847046676724585001e-01
6.195490506477965287e-01
3.554957470954177023e-01
-3.492936159210994429e+00
-1.398760396645832405e+00
-3.206227917873722078e+00
-9.475529215721711918e-01
-3.915058985792265744e-01
-9.758925196005341363e-01
-2.542456901097675637e+00
-1.652384278584469568e+00
-1.076046951024939302e+00
8.509061861128144333e-01
6.585384272917003123e-01
4.860606537065569555e+00
1.132245955566672402e+00
-8.936799950652291047e-01
7.767664855030060878e-01
1.721479150334545016e-01
2.163311782115499682e+00
3.230819178592528318e-01
1.177948913639683404e-01
1.328670354496033768e-03
-6.880015489830531017e-01
-1.102524407595185441e+00
-2.684011126678083503e+00
-6.480020698706318028e-01
-3.377254942062405951e-01
-5.696928783961692222e-01
-1.431578486715504583e+00
-3.489164312517660238e-01
-1.154250051081659789e+00
-2.985989408200228137e-02
-5.217629795997570652e-02
-3.004695771018658590e+00
7.481753414604622177e-02
1.707223033643895937e-01
4.445757178510714880e+01
1.940801239063415784e-01
2.033684496256300267e-01
3.111215108827310172e-02
4.185459184224281093e-01
5.099554100727097250e-01
1.874908358814008302e+00
7.771072684869585467e-01
3.524154903802254046e-01
-1.761949648377569844e+01
-7.330747453335598962e+00
2.801612101075697581e+00
5.859842526563735277e+00
-5.548144140774199151e+00
-8.775901529848948446e-01
-1.029876678038655013e+00
-5.152783166367130158e-02
-8.139113433398753372e+00
-6.588852458704716142e+00
-1.760323628407103547e+00
-1.225130535085054539e+00
1.716492916687783477e-01
1.345723442593678598e+00
-9.353989096946342841e+00
-2.595577508389104171e-01
6.522700449638620057e+00
8.843952245449401062e+00
2.883227938869167062e+00
2.290535426079866710e+00
1.863863734644370662e-01
1.079710370585909462e+00
1.702406936824682804e+00
8.158917769018526611e-01
