-1.814106848916251929e-02
1.278780104030374787e-08
-8.579711838763159903e-06
2.152591486139414201e+00
9.290190315426600787e-01
4.669135315682117482e-01
8.126955205371053648e-01
-1.385466135965089274e+00
5.579916597667353706e-01
-1.136117775657195517e-01
6.987576472500192093e-01
2.194710689275753968e-01
1.507010365853002076e-01
2.210968004893399119e-01
-8.933964247500344458e-01
-8.885562168482856737e-01
8.068247565598747340e-01
-5.773729154699331900e-01
-2.911987120749597313e-01
-8.259974472187846528e-01
-1.050177492561685799e+00
-3.144030354790204873e-01
-3.712314890608424678e-01
-1.883411438970828411e-01
-7.440841607370277666e-01
-2.590928811459119463e-01
-3.689634276264949220e-01
-3.386413106612180535e-01
1.118967994654046283e+00
5.803961681022103136e-02
3.692634168140043194e-01
2.327665365193780020e-02
-3.296089804262956197e-02
-1.746633898039262611e-02
5.935844035845337929e-01
2.801589649912320512e-01
2.574510534380861082e-03
-4.224991448217361723e-01
-2.101037629755872216e-01
-5.717213533048053770e-02
-7.457533263107363197e-02
1.087063932452440873e-01
-3.367182344542719030e-01
-6.255909740786411710e-01
-4.601716550580710330e-02
3.758606790308548218e-02
6.438429405276743789e-02
1.322407576345936975e-01
-1.466409702439623874e-01
-1.555929546067302272e-01
-5.379280689488488143e-01
-3.532824496998519803e-02
3.224660202873351200e-01
-1.157508335926384219e-01
-1.188277356800218967e-02
3.972359501422559336e-02
2.535120841129520630e-01
1.016519458156105171e-01
-3.938503361793482815e-02
-1.658551628713577364e-01
2.148374131649222640e+00
9.824666049325260886e+00
6.014723266653026812e+00
2.832126876859367481e+00
3.992604198530895765e+00
-1.404280952346433423e-02
1.304869694796912394e-01
1.300829552235521214e-01
-2.805969051836049166e-02
1.295004760435993774e+00
3.871467008931696596e-01
-4.063720523286598052e-01
-8.677217132217547313e-01
-6.589890863298900392e+00
-2.514108408792244953e-01
3.777387842178725919e+00
2.675661453947096202e+00
7.113850844607011226e+00
-1.402281066427920386e+01
-7.053796087100385748e-01
-1.347311957011507300e+00
2.394792157276941225e-03
-1.365150418681452216e+01
-1.302053478111540930e+00
6.793698545948245737e-06
-1.262034673743528401e-05
-5.026107413842541868e-05
5.826296422173845357e+00
3.462966282145226415e+01
-2.557666702033375472e+01
-1.975691856415394199e+01
6.941183297675505237e+00
5.114480326835050938e+00
-6.854183720317002404e+00
-3.237974756096404505e-01
8.649198988773559904e+01
7.474002401863799605e-06
-6.940627528706500016e-06
-1.839448882158555842e-01
-1.467498699457804889e+01
-2.194491864493429034e+00
-1.032177766258335350e+00
-1.396754703856677438e+00
-1.182020088203490804e+00
-1.147972458159754350e+00
6.658189132548716915e-02
-7.877170502252661688e-01
-1.131851112823469396e+00
-9.292569849946169525e-03
-1.084457473190352239e+00
-3.154208149368128655e+00
-3.787397863796238884e+00
-7.636937049305264402e+00
-1.912142543136059469e+00
-9.921861608717855718e-01
-6.274622875378439435e-01
-1.685767236151315185e+00
-1.206992871430323522e+00
-2.815708770437270747e+00
-1.439169770016714756e+00
-1.603697132770631750e-01
-2.773227441349151445e-01
-3.211856774230779088e-01
-1.828040482807158806e+00
-2.064773058682228779e+01
-2.258184760939375479e+00
2.361140110756295048e-03
8.630637898775477684e-03
-2.861303632026945820e-01
-1.222282730130136885e+00
-3.203519991346711060e-01
-1.086334133505515442e+00
-9.464564364839661570e-01
-2.306875175404969447e+00
-3.351998679162734168e-02
-1.042754328896903504e-01
-6.978166937681006265e-01
-6.716101841518359872e-02
-6.988989595442615110e-01
-1.593552542977472841e+00
-3.014924793270653061e-02
-3.110091983893134016e-01
-1.979873654946949779e-01
5.392866783689498345e-03
-5.437666072341450496e-01
-5.519154286215892657e-01
8.324816832837333891e+01
-8.491053295025418057e-01
1.092118605328096237e-04
-3.355068685095830006e-07
1.045055034787292447e+00
1.214472465369003995e+00
-1.563626349910093749e+00
-3.586015284941409931e+01
-5.100029991748636915e-01
-2.630702027955332811e-01
7.819729020353748117e-02
1.492337639297759644e+00
-1.048105620181275555e+01
-4.441546449096591132e-01
-4.629509924665698328e+00
-1.964774158731409370e+00
3.216519286773592334e+00
1.083373357002100867e+01
-2.326026587658409639e+01
-2.252693631428532939e+01
4.045752296636430656e-01
6.457223496923666928e-03
1.367432781587142598e-01
6.762866292743184848e-01
-8.642812392808228594e+01
7.143234977929630247e+00
2.065416893515248375e-06
-3.667763337489304831e-08
2.927793230732394836e+00
1.652935947068165934e+00
3.209336677724227704e-01
2.580142396832303953e-01
1.245585640355307167e+00
1.104763271170356997e+00
2.460738202614529246e+00
3.299464302134857085e+00
1.236176674202943637e+01
6.381963243716352707e+00
-3.926264681447542981e-03
2.806927150167187052e-02
9.858167042287536708e-01
2.056428040871754792e+00
2.129547584432603724e+00
6.319002168355802418e+00
2.619112394829390955e-01
2.722010944945091326e-02
1.474594491547444319e-01
2.152789759142593462e-01
9.767489025966152871e-01
2.517981149758039550e-01
1.365895671010099788e+00
5.073748345641296842e-01
8.319475370964477534e-01
2.314036909857887014e+00
3.121627333428049211e-01
1.861894188596267541e-01
2.907130619310391850e+00
1.002492908610011835e+00
3.770918932616616814e+00
1.561597681610514776e+01
9.226854439234408733e-01
4.138762312556777623e+00
4.880441524429063094e+01
-1.015453050555736354e+02
6.321097458794611157e-07
-8.998314200425738818e-07
6.079830080716441820e-01
1.660366104305428525e+00
8.926304678139878046e-01
7.231261740002119520e-01
2.246729035713673994e+00
8.837539709654992359e-01
1.484763750558211859e+00
1.379808104385888745e+00
1.443390096894169028e-01
1.115133802517283834e-01
3.196814504844800897e+00
8.115600505192295699e+00
5.852575181589946496e+00
8.157318555459995846e-01
9.390930624285878103e-01
2.814846579108013502e-01
1.550399552119644309e+00
1.052727539454324290e+00
9.918952065124953421e+00
3.203480445493115614e+00
8.626139397952585774e-01
3.144644602312988702e-01
2.337811393840566687e+00
3.561870527216171478e+00
6.022573824611650029e-01
-5.565566257478213319e-04
7.936978683176221239e-06
-3.074811871783822426e-08
7.975038991425380175e+01
-7.974984126385861316e+01
8.492332075689699877e+01
7.361382046155995340e-07
-7.810363484850313398e-07
-2.895181799801471101e+01
-2.341125029213079500e+01
-2.033636543177254730e+00
-3.008123131192930622e+00
-2.301623472390205816e+00
-1.718936625155331077e+00
-4.267347040451490159e+00
-2.608332566189452972e-02
8.401817760525509549e-04
-8.619274300767796326e-01
2.492265119375590421e-02
-6.201889539398501849e-01
-4.827139902223054335e-03
-4.613466065679922012e-01
-8.282952430227801699e+00
-3.806709803179433749e+00
-2.534692964988038422e-01
6.508623334164295171e-01
-1.046483264941531877e+00
-8.523727601809863996e-01
-2.571509885879160601e-02
-1.465661333999304997e-02
-6.395182152687339805e-02
-4.344278923517113644e-01
-9.752697636344383192e-02
-3.607442936385455573e-02
-8.753330082180449390e-02
-3.928328072945858583e-03
-8.810792911782971970e-02
-2.160636230962302839e+00
-3.688927572581631731e-01
-1.363050324171868610e-01
-1.730933542424959448e-01
-8.468483461801451995e+01
1.343796730887903135e-01
2.987229002826552460e-06
-1.479904874202020437e-06
1.589529511364155212e+00
-1.804414540383192378e-01
1.474137999893601947e+00
1.363106326638743759e+00
2.290796506689522616e+00
-2.092751743543974641e-02
9.948710184675688684e-01
2.707157166745035148e+00
3.003238453621478676e+00
4.491358966936288333e+00
1.418211634591691972e+00
1.465572224002736346e-01
4.264723810879799681e-01
1.359343671020288302e-01
2.075442280888278868e-02
1.787774078472856187e+00
1.891719073782428262e-01
5.495869979715249931e-01
9.047243608272071969e-01
1.103401836691482618e+00
1.757086865374650475e-01
3.796424469720152128e-01
1.501607904506070956e-01
2.562801243975227905e+00
3.735196462411617624e+00
3.907257408012883904e+00
3.539157420820446376e+00
3.781933567294812004e+00
-4.355018569280173085e-02
-1.112179706691214867e-02
1.388465609720035054e+01
2.884606695676759536e+00
2.024652928203579005e+00
8.200814055072097375e+00
1.252164996903094574e+00
4.156439366068072516e+00
3.450806277700789515e+00
6.123710788847045450e+00
2.744052276745655335e-04
3.996097035496859462e-07
-1.158143447810289217e-08
3.511813905641515632e+00
1.189994494152997628e+00
1.405538822648760844e-02
2.418861665107240599e-01
-2.966924882915936701e-01
-2.312639220968533693e-01
9.888727239723245077e-01
1.251468275788125695e+00
1.463870496925956388e+00
2.689376393045575520e-01
6.718242682843789115e-01
1.813485297580557654e-01
1.503196292655714750e+00
8.442188543953929036e-01
2.964724262100126850e-01
-2.187641584462951538e-02
-5.181384208086179388e-01
-1.587105836254620872e+00
-1.845870335299638620e-01
1.186200755513736466e-01
-1.193981520946523073e-01
-5.054717601567046414e-03
-1.274336790391050522e+00
-1.880256465137004340e-01
-6.305560664763877610e-03
3.766616579464208796e-03
-7.346214855957784728e-02
5.940540663377333885e-01
9.145518221661483871e-01
1.505554506590042196e-01
-1.934422652949876337e-02
2.052029212784379497e-01
5.020172007732172093e-01
4.625966764805920506e-01
1.187800647796053655e+00
2.563639309298756386e-01
1.324719436752215818e-01
7.889690638867895567e-01
-8.451991041084803979e-02
-4.100011962698217605e-02
-1.146148331587622948e+01
-9.109639552800077866e-02
-1.538404661418593111e-01
4.166210175160943441e-02
-8.268819808253963927e-03
-1.488903377628602587e-01
-3.360576338741742553e-01
-3.653337965211870264e-01
-1.410024903107915950e-01
3.204607303814431596e+00
6.895020019123190291e-01
-9.972009398634942290e-01
-1.267484606283678206e+00
7.052531619037385457e-01
2.375942701191119388e-02
1.751630868989154100e-01
1.009493174335661381e-02
1.089000541816773859e+00
8.374631097030273974e-01
4.747373389145850830e-01
2.189681209901990777e-01
-9.474143297276445275e-02
-3.366427157350642130e-01
1.500914358696468165e+00
2.307258386824975749e-02
-1.747308782310348585e+00
-2.235368224513284208e+00
-1.025620555616074681e+00
-5.168706380793811617e-01
-3.988913716656596747e-02
-2.293253469126004529e-01
-6.465324375209724472e-01
-2.453332782051712291e-01
