Arquivo
000000000000e+00
2.080501101177627959e-02
0.000000000000000000e+00
0.000000000000000000e+00
1.732261686878225149e+01
0.000000000000000000e+00
1.061243211746128345e+01
1.068124025719240677e+01
0.000000000000000000e+00
1.144740229103052176e+00
1.366451766627035935e+00
0.000000000000000000e+00
4.339212346227413475e-01
2.888075255671971320e-01
0.000000000000000000e+00
6.496136019843837955e-03
0.000000000000000000e+00
3.518512787623931382e-01
0.000000000000000000e+00
2.009674536496803654e+01
2.015636823332319238e+01
0.000000000000000000e+00
5.168641156632953646e-04
0.000000000000000000e+00
5.624125361463929096e+01
6.557135843797446739e+01
6.559936216645176899e+01
0.000000000000000000e+00
4.717174100118805974e-02
0.000000000000000000e+00
1.265550818254588053e-03
0.000000000000000000e+00
6.689644398662128455e-02
0.000000000000000000e+00
2.781946675643095709e-02
0.000000000000000000e+00
1.621110571570383740e+01
1.621123807388755722e+01
0.000000000000000000e+00
2.422497496929378047e-01
2.428611917655216224e-01
0.000000000000000000e+00
9.544780138121340858e-04
0.000000000000000000e+00
1.364305717892851273e-02
2.577761395218607088e-02
0.000000000000000000e+00
8.146398040484129410e+01
8.146394735461373671e+01
0.000000000000000000e+00
4.745083397279233062e-02
4.805878851965270787e-02
0.000000000000000000e+00
0.000000000000000000e+00
1.303472529791381736e-02
1.232984173616181317e-02
0.000000000000000000e+00
4.424298344142638229e+01
4.406853155619415929e+01
0.000000000000000000e+00
9.720866496514591476e-03
0.000000000000000000e+00
7.419798648455350865e+00
7.452696338836171108e+00
0.000000000000000000e+00
6.624003609046305030e-01
6.621613562625131566e-01
0.000000000000000000e+00
3.614095560575055210e-01
3.572846925586128375e-01
3.573013580743074624e-01
0.000000000000000000e+00
1.338307239878522813e-03
0.000000000000000000e+00
3.164513141268273877e+00
0.000000000000000000e+00
1.071720596856088292e+01
0.000000000000000000e+00
2.822954851366613838e+01
2.822972769363128620e+01
2.822879869124373187e+01
2.822862988988305233e+01
0.000000000000000000e+00
9.722256074007880420e-04
0.000000000000000000e+00
1.379835549301346442e-01
1.402993978183857682e-01
0.000000000000000000e+00
7.241134927734090010e-02
0.000000000000000000e+00
1.131699625717103724e-02
0.000000000000000000e+00
2.330532169914158527e-02
2.330621482071483508e-02
0.000000000000000000e+00
8.284487890927577780e+01
0.000000000000000000e+00
1.295547428829182834e+01
1.295043774821061788e+01
0.000000000000000000e+00
4.434478442899840167e-01
4.396165474749035851e-01
4.411080494433093357e-01
0.000000000000000000e+00
2.212280781849890188e-01
2.203064082130665735e-01
0.000000000000000000e+00
7.080895047752514548e-01
6.828289760966438360e-01
0.000000000000000000e+00
2.226403213815062543e+01
0.000000000000000000e+00
4.469252608262721083e+00
4.463769804352415882e+00
0.000000000000000000e+00
0.000000000000000000e+00
2.741542027464644593e-01
0.000000000000000000e+00
7.715142586355683285e-01
7.727654878138816574e-01
0.000000000000000000e+00
2.789112967139403043e+00
2.777208904369909970e+00
0.000000000000000000e+00
2.253931371973802722e-01
1.083702740165595341e-01
1.069435795238785486e-01
1.070935372740644959e-01
0.000000000000000000e+00
0.000000000000000000e+00
0.000000000000000000e+00
2.562197540620434477e+00
2.382236022750174431e+00
2.384683221279246368e+00
2.385770771197334383e+00
0.000000000000000000e+00
5.351695960388724416e+01
5.351690210381172363e+01
0.000000000000000000e+00
4.949639053518741123e-03
5.338695205851297018e-03
0.000000000000000000e+00
4.322967959429388496e-02
4.176788681082534149e-02
0.000000000000000000e+00
1.639076715286399717e-03
0.000000000000000000e+00
1.255941381936904674e-02
1.233018372252198645e-02
0.000000000000000000e+00
1.243372275871873905e-01
1.415491179234913133e-01
0.000000000000000000e+00
2.500707193864376787e+00
0.000000000000000000e+00
4.974206972540893723e+00
5.616279022824187450e+00
5.617700798957780961e+00
0.000000000000000000e+00
9.377268200708034351e-01
0.000000000000000000e+00
1.526469010190920940e-02
2.359144421378256071e-02
2.453683646606970650e-02
0.000000000000000000e+00
6.009463919307049817e-01
6.006210463242559472e-01
0.000000000000000000e+00
1.197075841948444364e+01
1.205617729906012592e+01
0.000000000000000000e+00
3.482881843028019286e+00
0.000000000000000000e+00
1.812708032289374316e+01
0.000000000000000000e+00
1.578035267715497625e+00
1.577615183197356385e+00
0.000000000000000000e+00
8.622649025743124584e-02
1.390987820636681860e-01
1.403659494421186094e-01
0.000000000000000000e+00
6.279264563535519317e-02
0.000000000000000000e+00
1.385174256674869264e+00
0.000000000000000000e+00
4.254610645565039262e-02
4.269921348363699132e-02
0.000000000000000000e+00
6.802475226409361309e-01
6.272524524254553535e-01
6.281939845280024581e-01
0.000000000000000000e+00
2.317151184660843632e-01
0.000000000000000000e+00
1.106238458795794216e-01
1.481503938088826744e-01
1.481443703844384230e-01
0.000000000000000000e+00
2.384902946538453028e-03
0.000000000000000000e+00
3.166870150094718284e+01
3.166954896306455680e+01
0.000000000000000000e+00
6.465998857527214261e-01
0.000000000000000000e+00
3.520570722115873075e+00
3.445653057356524052e+00
3.445949780195170398e+00
0.000000000000000000e+00
1.447175850334191660e-01
1.460710656622792036e-01
1.458295179630197114e-01
0.000000000000000000e+00
1.027643124326332869e-02
0.000000000000000000e+00
4.364226246334828585e-01
0.000000000000000000e+00
5.887886707251243495e-02
0.000000000000000000e+00
4.883570814692651113e-02
4.949104724686397699e-02
5.026098804932038061e-02
0.000000000000000000e+00
0.000000000000000000e+00
3.080944505390304400e+01
3.082689510869493787e+01
0.000000000000000000e+00
0.000000000000000000e+00
2.263890419622388919e-02
0.000000000000000000e+00
1.215705370055843865e-02
0.000000000000000000e+00
5.331845371057371968e-02
5.469837100095895077e-02
0.000000000000000000e+00
3.757039745374261223e-03
3.444888486039549870e-03
0.000000000000000000e+00
1.249487319193746948e-02
1.204058172973757057e-02
1.100086637510075405e-02
0.000000000000000000e+00
1.840924096909053037e-02
2.893717817077715027e-02
0.000000000000000000e+00
4.275500485397789457e-02
4.740763490235776895e-02
0.000000000000000000e+00
1.941960148561794330e-01
2.078007617346635527e-01
0.000000000000000000e+00
1.752293082442355043e+01
1.758935877238110734e+01
1.758475438121909207e+01
1.758449147577726634e+01
0.000000000000000000e+00
2.041115350515785853e-01
2.038038622808185374e-01
0.000000000000000000e+00
0.000000000000000000e+00
3.892082211171016964e-02
4.336996569550925079e-02
0.000000000000000000e+00
1.583360312344182619e+00
1.705093075246666645e+00
0.000000000000000000e+00
6.533583735353770017e+00
6.533525557086031554e+00
6.533180025146077874e+00
0.000000000000000000e+00
1.332880838994411317e-03
1.696788266815106323e-03
0.000000000000000000e+00
8.870082031100227482e+01
8.869272739792825178e+01
0.000000000000000000e+00
4.885690073223373986e+01
4.885843326770898187e+01
0.000000000000000000e+00
5.878827344590898951e-01
5.881001805423339279e-01
0.000000000000000000e+00
2.620521137095232697e-02
0.000000000000000000e+00
6.431697436550659445e-03
0.000000000000000000e+00
7.557831530149466914e+01
7.558642017972610461e+01
0.000000000000000000e+00
3.157652812597502301e-01
3.170197943268324714e-01
0.000000000000000000e+00
0.000000000000000000e+00
3.938940250037201163e-03
0.000000000000000000e+00
0.000000000000000000e+00
2.050814555516782545e-01
0.000000000000000000e+00
1.683177842736480754e-03
0.000000000000000000e+00
1.286594841540414022e-02
1.169107850786078005e-02
0.000000000000000000e+00
1.601819189919810427e+01
1.746412567275266525e+01
1.742143779772705869e+01
1.742179824687496748e+01
0.000000000000000000e+00
2.858348602918594963e-03
0.000000000000000000e+00
1.558572781617871029e-02
0.000000000000000000e+00
1.578325943753653912e-02
0.000000000000000000e+00
2.643475558510475221e+00
2.253187276962643981e+00
2.252603339098784296e+00
0.000000000000000000e+00
8.325028108823862283e+01
8.323614912341048466e+01
0.000000000000000000e+00
2.710364843941325930e+01
2.731643936566272046e+01
0.000000000000000000e+00
3.853613317085591815e-03
0.000000000000000000e+00
3.015495966279801543e+00
2.776956077474495910e+00
2.918054994300609106e+00
0.000000000000000000e+00
1.625540448096161938e+01
1.627108542679519587e+01
0.000000000000000000e+00
3.041504553261963062e-02
3.495324662743538174e-02
3.348314814108573068e-02
0.000000000000000000e+00
1.947263797520809928e-02
1.668855005436502975e-02
0.000000000000000000e+00
4.632754170041535752e-02
4.267070021727428081e-02
4.212783912373194856e-02
0.000000000000000000e+00
2.481005823416503331e-01
2.498971098587703943e-01
2.493756521658849479e-01
0.000000000000000000e+00
6.141931184755906881e-02
0.000000000000000000e+00
1.452154620264100053e-03
0.000000000000000000e+00
5.917950996468824068e-03
6.143596198528092703e-03
0.000000000000000000e+00
9.249761097346442112e-04
0.000000000000000000e+00
1.579079283754356577e+00
0.000000000000000000e+00
5.332136218513467973e-01
0.000000000000000000e+00
6.130062087563078327e-02
6.121174524430642722e-02
6.117183299960481796e-02
0.000000000000000000e+00
3.104720696966756233e-01
5.508344078873844696e-01
0.000000000000000000e+00
2.702313133394885353e-02
0.000000000000000000e+00
0.000000000000000000e+00
1.398200226440929061e-01
1.399649698065398851e-01
0.000000000000000000e+00
2.298866327173565871e+00
2.294116750534486826e+00
0.000000000000000000e+00
1.386239087598334883e-02
1.434487395384637272e-02
0.000000000000000000e+00
0.000000000000000000e+00
2.748175387963117089e+01
2.777672946973947887e+01
2.777797524403935014e+01
0.000000000000000000e+00
1.107426305308984560e+01
1.107970358982497849e+01
0.000000000000000000e+00
4.242800843089866270e+00
0.000000000000000000e+00
2.163309100017584211e-02
2.159146350368417941e-02
0.000000000000000000e+00
1.510524281721662421e+00
1.510698958188072094e+00
1.510614585467941584e+00
0.000000000000000000e+00
1.402850782903894977e-01
1.387233182597697734e-01
0.000000000000000000e+00
1.359906088181001893e+00
1.830212270445277456e+00
0.000000000000000000e+00
6.167134498838641038e-02
4.833425401755982870e-02
0.000000000000000000e+00
1.887033848234893549e-03
0.000000000000000000e+00
3.530295056137751630e-01
3.530462825154993545e-01
3.537281705870277682e-01
0.000000000000000000e+00
1.264990940982652166e-03
1.396219309887599931e-03
0.000000000000000000e+00
1.877744483472004733e-02
2.234328105230613468e-02
0.000000000000000000e+00
5.476573582101731605e-03
0.000000000000000000e+00
2.434018985099871760e-02
0.000000000000000000e+00
4.266294196853290366e+00
2.632117101984814411e+00
0.000000000000000000e+00
1.150750600825540008e-03
0.000000000000000000e+00
1.047957254588972154e+00
1.045318624676091490e+00
0.000000000000000000e+00
3.056519492024158069e+00
2.893255920997197528e+00
0.000000000000000000e+00
3.834322539194164325e-01
3.825194125701992798e-01
0.000000000000000000e+00
2.017324827291490374e-02
1.996455208925955113e-02
0.000000000000000000e+00
8.329782464444285495e+01
8.329117832755444795e+01
8.329255858799831458e+01
0.000000000000000000e+00
1.084817484452219559e-02
9.888961941328698949e-03
0.000000000000000000e+00
2.616939507433391557e-02
0.000000000000000000e+00
9.522763889604346499e-02
1.045014713138542328e-01
1.043654273747140065e-01
0.000000000000000000e+00
1.627528295025631344e+00
0.000000000000000000e+00
1.697200241810523091e-02
2.128988198575321525e-02
0.000000000000000000e+00
2.422647679453586989e+01
2.422635528318416220e+01
0.000000000000000000e+00
1.385502670806779829e-02
1.077886871309300700e-02
0.000000000000000000e+00
7.568392684900371314e-02
9.387905085166578512e-02
9.397453685080806030e-02
0.000000000000000000e+00
3.749603346993072961e+01
0.000000000000000000e+00
1.943721588468584963e-02
1.991159259723041669e-02
0.000000000000000000e+00
1.387251261177022910e+00
1.385665796047020226e+00
0.000000000000000000e+00
1.730797393081343216e+01
0.000000000000000000e+00
2.033904613020276753e-01
0.000000000000000000e+00
3.454695801697816888e-03
0.000000000000000000e+00
5.613986555574172144e+01
5.613758021164350254e+01
0.000000000000000000e+00
1.643974088444585258e+00
1.634287253236244464e+00
1.632676783143000465e+00
1.632698500107325090e+00
0.000000000000000000e+00
1.313869490947220386e-01
1.309445043945103304e-01
0.000000000000000000e+00
5.168869995701590447e-01
5.226937285549286827e-01
0.000000000000000000e+00
0.000000000000000000e+00
2.406327892941396485e+01
2.406212656191613775e+01
0.000000000000000000e+00
2.059292376871511898e+00
1.838735879322139111e+00
1.859329472505323544e+00
0.000000000000000000e+00
1.170380271867254152e+01
1.171076434773885389e+01
1.171164927928642641e+01
0.000000000000000000e+00
4.232084687749179785e+00
0.000000000000000000e+00
1.697442833384025726e-02
1.862018097618541035e-02
1.720856113099899359e-02
1.734018884495369325e-02
0.000000000000000000e+00
5.551671561645497160e-02
5.516892110594552590e-02
0.000000000000000000e+00
8.156081293413305389e+01
0.000000000000000000e+00
1.649689603292419093e+00
1.773261862675110434e+00
0.000000000000000000e+00
9.373844049240691589e-01
0.000000000000000000e+00
5.200902550109228528e+00
0.000000000000000000e+00
1.918649770203204241e+01
0.000000000000000000e+00
1.977632883890730220e+00
0.000000000000000000e+00
3.155916953486734289e-02
3.286371805590470457e-02
0.000000000000000000e+00
6.376282945940593694e-02
6.211393108600144625e-02
0.000000000000000000e+00
1.111700897217386741e+00
0.000000000000000000e+00
1.760957760168192776e-02
1.282549904252291463e-02
0.000000000000000000e+00
8.460310795131469774e+00
0.000000000000000000e+00
1.679740456499911971e+01
0.000000000000000000e+00
4.117102408026648147e-03
3.915593181212632772e-03
0.000000000000000000e+00
2.127828863884301036e+00
0.000000000000000000e+00
1.676255081744045805e-01
1.644548731224919694e-02
1.785392021324965287e-02
0.000000000000000000e+00
4.440904975382608533e-01
0.000000000000000000e+00
2.909829004113801808e-03
0.000000000000000000e+00
1.364161069169354512e+01
1.364505590414039737e+01
0.000000000000000000e+00
3.594830348002067133e-01
2.924483074245478043e-01
0.000000000000000000e+00
2.941726817636193037e+00
0.000000000000000000e+00
6.391938765905956499e-02
6.550779153807415045e-02
0.000000000000000000e+00
8.842583129447466606e-01
8.882306066122546140e-01
0.000000000000000000e+00
2.838403552106044236e-03
0.000000000000000000e+00
8.902785541491781141e-02
9.792238239955032564e-02
9.485754551945164981e-02
9.461756212679442446e-02
0.000000000000000000e+00
4.340015882558409185e-03
0.000000000000000000e+00
2.984769564929204577e+01
0.000000000000000000e+00
8.996838222317971034e-01
9.071364058915286632e-01
0.000000000000000000e+00
1.457106069680010572e-02
1.138411018239066097e-02
1.028886830441940597e-02
0.000000000000000000e+00
6.394572780179731686e-02
0.000000000000000000e+00
1.101616128369249559e+01
1.101044717368303694e+01
0.000000000000000000e+00
2.122428559839879991e+00
2.123420439533618254e+00
0.000000000000000000e+00
4.258824779020113915e+00
4.245525391045808838e+00
4.242633261069832074e+00
0.000000000000000000e+00
1.565312381508993944e+01
1.565117754575602582e+01
1.565166190513802924e+01
0.000000000000000000e+00
6.130763270800567710e-01
6.090635288069540243e-01
0.000000000000000000e+00
1.525309775781164652e-03
0.000000000000000000e+00
4.864787245199740928e-01
4.709524513023052861e-01
3.847786573435829638e-01
3.858009567152257402e-01
0.000000000000000000e+00
0.000000000000000000e+00
1.557593897087655999e-01
0.000000000000000000e+00
3.361062535612198698e-01
0.000000000000000000e+00
7.902762405134027262e-04
0.000000000000000000e+00
4.676501052086651233e-01
2.290122325755202248e-01
2.074333890473936404e-01
0.000000000000000000e+00
7.882920311912486322e-02
0.000000000000000000e+00
1.868846810593025509e+01
1.379802581669479444e+01
0.000000000000000000e+00
5.064574294011443101e+01
0.000000000000000000e+00
3.472140356659517924e+00
3.471176250607355129e+00
0.000000000000000000e+00
9.756974160515798078e-02
0.000000000000000000e+00
1.044523506654605575e-02
1.240239744466370593e-02
1.230667456252278365e-02
0.000000000000000000e+00
2.754983936818365464e+01
2.754964158944229879e+01
2.754742346165859956e+01
0.000000000000000000e+00
5.321304559608986545e-02
8.941341579731239275e-02
9.488960709625121615e-02
0.000000000000000000e+00
9.669949166955319744e-04
9.496260441839075818e-04
0.000000000000000000e+00
4.102812684210497239e-03
0.000000000000000000e+00
3.402996747902216346e-02
3.616767896176703578e-02
3.582887915170175630e-02
0.000000000000000000e+00
1.256830343051136278e-01
1.250426590877572464e-01
1.260615160891139230e-01
0.000000000000000000e+00
0.000000000000000000e+00
7.789633331823650053e+01
7.790053994561543504e+01
0.000000000000000000e+00
8.440866293532945930e-01
7.598797544684258165e-01
8.104234159917499403e-01
8.082730737354727468e-01
0.000000000000000000e+00
3.369797696579637236e+00
0.000000000000000000e+00
1.088811885737981200e+01
1.085686121183374020e+01
1.085503822635338267e+01
0.000000000000000000e+00
4.206859803927878172e-01
4.185755454343091930e-01
0.000000000000000000e+00
6.668965695664064164e+00
0.000000000000000000e+00
2.257000169979052340e-01
1.772700999075612904e-01
0.000000000000000000e+00
1.622283796078409335e+00
0.000000000000000000e+00
4.296435393012582905e-03
0.000000000000000000e+00
0.000000000000000000e+00
6.829888415629333139e-03
0.000000000000000000e+00
6.965057432795298098e+01
6.965240419998062293e+01
0.000000000000000000e+00
1.331131073788131315e-02
0.000000000000000000e+00
0.000000000000000000e+00
1.584751393272242348e+00
0.000000000000000000e+00
0.000000000000000000e+00
1.415140430052700543e-03
0.000000000000000000e+00
2.324683577475634877e+01
2.321934059960258168e+01
0.000000000000000000e+00
0.000000000000000000e+00
6.745401692211690658e+01
6.738980550308653505e+01
6.739152052025521300e+01
0.000000000000000000e+00
6.467359601221066612e+01
6.467389328069353382e+01
0.000000000000000000e+00
3.618120537555435338e-03
0.000000000000000000e+00
0.000000000000000000e+00
4.177000977660331321e-02
4.897436838842568474e-02
4.795684408753060624e-02
0.000000000000000000e+00
2.836591749939703158e-02
2.903368420439001243e-02
0.000000000000000000e+00
2.622984120071709252e-02
0.000000000000000000e+00
1.650262269636771917e-01
0.000000000000000000e+00
5.322754410988983498e-01
5.312169958868447894e-01
0.000000000000000000e+00
1.291597600564972304e+00
0.000000000000000000e+00
1.296452772216736271e+01
1.295123022375441835e+01
1.295132221654504612e+01
0.000000000000000000e+00
0.000000000000000000e+00
9.384521927399942049e-04
0.000000000000000000e+00
6.029196106913810027e-01
6.031749131055814672e-01
6.023730815907072378e-01
6.024119795229586627e-01
0.000000000000000000e+00
3.826081377661564531e+00
3.835122654419982791e+00
0.000000000000000000e+00
0.000000000000000000e+00
8.847488586541352173e-01
0.000000000000000000e+00
1.880722639231660609e-02
1.091634289700536310e-02
1.130909910018610721e-02
0.000000000000000000e+00
8.445559242095081132e+00
0.000000000000000000e+00
6.303487299529472665e+01
6.303444894582772662e+01
0.000000000000000000e+00
1.805125854355629222e-01
1.856642513625512692e-01
1.849877409716114418e-01
0.000000000000000000e+00
3.793914554388632610e+01
3.815214313263382451e+01
3.824566996461392421e+01
0.000000000000000000e+00
2.814948085760860929e-03
0.000000000000000000e+00
7.598093550460682799e-01
0.000000000000000000e+00
1.728469136056859368e+00
0.000000000000000000e+00
3.166936167924901291e+00
3.167042892092008621e+00
0.000000000000000000e+00
1.753765321769859442e+00
1.700810800147043222e+00
1.697266619029494272e+00
0.000000000000000000e+00
0.000000000000000000e+00
1.222128747739197052e-02
0.000000000000000000e+00
1.493909577313002579e+01
1.496557573133116747e+01
1.496560178844941191e+01
0.000000000000000000e+00
3.784508564812602227e+00
0.000000000000000000e+00
1.172563303389402428e-01
1.166961741569677857e-01
0.000000000000000000e+00
1.057764439497969888e-01
0.000000000000000000e+00
6.046464456508556395e+01
0.000000000000000000e+00
0.000000000000000000e+00
1.521640306865260951e-03
0.000000000000000000e+00
3.191235258574248590e+01
0.000000000000000000e+00
1.458944257189150484e+01
1.265983677481912295e+01
1.265991030397507267e+01
0.000000000000000000e+00
3.026355846572664210e-01
3.028792184943841503e-01
0.000000000000000000e+00
4.986167230261548400e-02
4.890323595139376561e-02
0.000000000000000000e+00
1.971542711904056278e-01
0.000000000000000000e+00
9.946569865531952603e-02
0.000000000000000000e+00
1.844653575117113356e-03
2.370921523231944977e-03
0.000000000000000000e+00
4.074402025520382331e+00
4.080652631568341349e+00
4.079975951564833281e+00
0.000000000000000000e+00
1.224098964260821276e+01
1.224279263220852876e+01
0.000000000000000000e+00
2.435797028253872121e+00
1.313606446747038081e+00
1.313819890770667298e+00
0.000000000000000000e+00
0.000000000000000000e+00
6.938272873378692474e-02
6.939390838860823307e-02
0.000000000000000000e+00
4.070309931405522996e-01
0.000000000000000000e+00
4.494833423458040045e+00
4.529498389845630690e+00
4.567273936520732214e+00
4.565707493504717718e+00
0.000000000000000000e+00
1.422289258330360906e-01
0.000000000000000000e+00
3.249862662696072907e-02
2.981216337180334769e-02
0.000000000000000000e+00
0.000000000000000000e+00
2.564418923824101526e+00
2.566189086798550179e+00
0.000000000000000000e+00
1.128605965918374893e-01
0.000000000000000000e+00
2.232667335743706294e-01
2.235581137033328669e-01
0.000000000000000000e+00
1.286582401477821998e-03
2.249264681369789968e-03
0.000000000000000000e+00
9.199811538089209487e-04
0.000000000000000000e+00
1.866453314362101143e-02
0.000000000000000000e+00
0.000000000000000000e+00
3.759690489165114502e-01
0.000000000000000000e+00
7.667822475321973918e+00
7.667447000556443015e+00
0.000000000000000000e+00
1.874392135120112601e-01
1.881435264420671383e-01
0.000000000000000000e+00
6.580553911255181410e-01
0.000000000000000000e+00
1.085656022121556541e+00
1.043206058388685742e+00
0.000000000000000000e+00
5.162096891739182070e+01
5.146209766973208133e+01
0.000000000000000000e+00
3.306302918198256169e-01
0.000000000000000000e+00
8.388667794933218902e-02
7.060998316762867599e-02
0.000000000000000000e+00
9.600549461604757084e+00
9.623524691584918855e+00
0.000000000000000000e+00
5.427104657382538022e+01
5.427776156845371958e+01
5.427939888278180547e+01
0.000000000000000000e+00
3.796810475217986258e-02
5.782707651491322820e-02
5.893234401727208416e-02
0.000000000000000000e+00
1.697695828924550843e-01
0.000000000000000000e+00
9.955073139737771748e-03
0.000000000000000000e+00
1.485985120243289992e-01
2.399802328949983687e-01
2.368159969467029669e-01
0.000000000000000000e+00
5.207847300802487922e+01
5.207820718456252962e+01
0.000000000000000000e+00
3.482907929853113621e-02
0.000000000000000000e+00
5.576162153888135353e-02
0.000000000000000000e+00
5.174750217531637553e+00
5.173316974763658926e+00
0.000000000000000000e+00
4.483794522726348930e+01
4.766777949923962154e+01
4.811654144010245915e+01
4.811310225032905663e+01
4.811322613208931642e+01
0.000000000000000000e+00
0.000000000000000000e+00
5.600925143396462147e+01
5.601778557377932088e+01
0.000000000000000000e+00
2.287244948850703619e+00
2.308231681562362692e+00
2.310142378205135127e+00
0.000000000000000000e+00
0.000000000000000000e+00
3.407774853917954760e-01
3.399293676572249789e-01
0.000000000000000000e+00
1.230783492992348210e-02
1.322211014569196416e-02
0.000000000000000000e+00
1.885928753064308072e+00
1.888594567054269202e+00
0.000000000000000000e+00
1.787215986962453207e-01
1.827327027263050685e-01
1.906547782279251202e-01
1.908769171036313050e-01
0.000000000000000000e+00
1.676850996830438478e-01
2.537730526773858131e-01
0.000000000000000000e+00
1.217462689597093117e+01
1.232754369995717170e+01
1.234158173226406952e+01
1.230756119287721617e+01
1.230720483805987797e+01
0.000000000000000000e+00
6.762168940911057469e+00
0.000000000000000000e+00
0.000000000000000000e+00
1.180822515275651519e+01
1.191486436051627607e+01
1.191243804763498737e+01
0.000000000000000000e+00
1.283912525726274012e-01
1.277237650877553476e-01
0.000000000000000000e+00
2.692728369243909681e-01
2.626396267356884695e-01
0.000000000000000000e+00
2.373335119319565367e-02
0.000000000000000000e+00
1.796038336366137411e+00
1.794420605909442523e+00
1.806963211963218408e+00
1.807469164753008561e+00
0.000000000000000000e+00
3.584883224480442127e-03
0.000000000000000000e+00
2.291092908063055156e-01
2.137908086578319822e-01
2.141537119135081546e-01
0.000000000000000000e+00
2.619940858094376573e-02
3.113350761813196352e-02
3.265243657441041503e-02
0.000000000000000000e+00
2.281524098619543573e-03
0.000000000000000000e+00
3.449378807865310370e-01
3.407599986837238082e-01
0.000000000000000000e+00
4.541420232062825559e-03
0.000000000000000000e+00
7.162805069105540046e-01
5.985456268815321224e-01
6.321670669737152748e-01
0.000000000000000000e+00
2.464136604230569461e+00
0.000000000000000000e+00
1.431725764511766741e+01
1.432018820081321842e+01
1.431984612297838311e+01
0.000000000000000000e+00
3.363032268633585342e-02
0.000000000000000000e+00
3.505812632241537413e-02
3.741146256435957246e-02
0.000000000000000000e+00
0.000000000000000000e+00
9.694055388765990600e+00
9.694255326493591340e+00
9.694717893040529333e+00
0.000000000000000000e+00
5.267016503567187868e-01
0.000000000000000000e+00
6.956379793500010872e-03
1.276874132907540420e-02
0.000000000000000000e+00
0.000000000000000000e+00
1.052345816534917258e-03
0.000000000000000000e+00
0.000000000000000000e+00
4.897104324369092043e-02
5.138597353598448741e-02
0.000000000000000000e+00
4.860604923639800200e-03
0.000000000000000000e+00
8.411616464728802200e-02
8.395826541325657200e-02
8.456257670263178650e-02
0.000000000000000000e+00
1.199049667208170789e+01
1.199120658628797287e+01
1.198872779038135050e+01
1.199294818836674814e+01
0.000000000000000000e+00
0.000000000000000000e+00
5.005593275205770354e+00
0.000000000000000000e+00
8.248828389515479032e+00
9.378277577863745051e+00
9.369051835934525840e+00
0.000000000000000000e+00
6.150879660326221158e-04
0.000000000000000000e+00
8.762458509534031166e-04
0.000000000000000000e+00
4.853072037787705462e+00
4.854594994776066486e+00
4.854397172360917168e+00
0.000000000000000000e+00
3.256988150785711938e-02
0.000000000000000000e+00
7.800704175253761474e-02
8.266188730274186269e-02
8.196259066751639122e-02
0.000000000000000000e+00
2.579788935452650023e+01
2.579090726929288024e+01
2.579154639376887559e+01
0.000000000000000000e+00
2.107030034059800307e-03
0.000000000000000000e+00
5.741655364798731826e-04
0.000000000000000000e+00
8.099855625833177442e+01
8.099817869427833728e+01
0.000000000000000000e+00
1.909903664235803378e+00
0.000000000000000000e+00
1.285418425140130438e-01
0.000000000000000000e+00
4.472457436435993139e-01
4.470181571299093881e-01
0.000000000000000000e+00
4.266287982015878194e-02
4.029425006555085315e-02
0.000000000000000000e+00
0.000000000000000000e+00
5.741929529650175112e+01
5.741938303065802529e+01
0.000000000000000000e+00
5.000387272215484558e+01
0.000000000000000000e+00
6.233238090280300847e-01
0.000000000000000000e+00
7.144759676669090176e-01
0.000000000000000000e+00
5.436176658855151021e-03
0.000000000000000000e+00
3.577298905624313630e+00
3.489672000908739413e+00
3.486527064738084825e+00
3.485595538380578340e+00
0.000000000000000000e+00
8.686272007161189856e-01
0.000000000000000000e+00
7.202271570849133298e+01
7.202521831490804516e+01
0.000000000000000000e+00
1.794036038834276070e+01
1.794019626181357552e+01
0.000000000000000000e+00
2.863169850610809974e-01
2.893595182438939428e-01
0.000000000000000000e+00
2.943724155800967424e+01
0.000000000000000000e+00
4.453869976335222275e-02
0.000000000000000000e+00
1.303297842754810865e-01
0.000000000000000000e+00
1.770574174381528421e-01
1.659586801614336971e-01
0.000000000000000000e+00
4.997340832891720291e-03
6.847289623489793108e-03
7.156422078292814029e-03
6.148549448921807395e-03
0.000000000000000000e+00
2.861987939136257708e+01
0.000000000000000000e+00
7.511074962173906044e+01
7.508125382154787530e+01
7.507142924305270526e+01
0.000000000000000000e+00
2.231341146051717128e-03
0.000000000000000000e+00
3.341579417420430076e+00
3.390576351833374247e+00
3.382326801176073428e+00
0.000000000000000000e+00
6.367466366878521064e-03
0.000000000000000000e+00
1.100334139491983088e+01
1.108457935852634790e+01
1.108577756508272039e+01
0.000000000000000000e+00
5.972403058318895112e-03
0.000000000000000000e+00
4.400814227817000557e+01
4.394403124808338390e+01
0.000000000000000000e+00
6.330456788810263566e-03
6.529478321115431139e-03
0.000000000000000000e+00
6.141828149667941800e-02
5.895408074225272355e-02
5.904602162751958205e-02
5.933911032501191368e-02
0.000000000000000000e+00
6.100189638718598456e-02
6.152845140997684203e-02
0.000000000000000000e+00
1.330450659175992818e-02
0.000000000000000000e+00
1.109434674563350154e-01
1.114582858664990156e-01
0.000000000000000000e+00
2.728929208315705734e-01
2.729779027092776866e-01
2.721821023125327033e-01
0.000000000000000000e+00
0.000000000000000000e+00
2.513579100804660182e+00
2.512565864471751453e+00
0.000000000000000000e+00
7.278542498474753486e-02
6.894735661780680702e-02
0.000000000000000000e+00
2.894310917736223066e-02
0.000000000000000000e+00
1.759054153085198163e-02
3.665279202145103887e-02
0.000000000000000000e+00
9.254693671254585752e-01
0.000000000000000000e+00
1.443682110009561308e-02
1.741549142708075787e-02
0.000000000000000000e+00
1.931867982729261468e-02
0.000000000000000000e+00
7.208305734164365930e+00
7.205748516037480123e+00
0.000000000000000000e+00
2.600198186433168246e+00
2.563327776371314037e+00
2.571977568773033074e+00
2.571049807193720671e+00
2.570969046830441584e+00
0.000000000000000000e+00
9.734710472814043669e+00
9.730905298526703717e+00
0.000000000000000000e+00
4.315146477482933562e+01
4.741774254200094418e+01
4.730353440964862699e+01
4.767538917560985823e+01
4.746091339141092647e+01
0.000000000000000000e+00
2.995572716876886976e-01
0.000000000000000000e+00
0.000000000000000000e+00
1.336199283720237041e+01
1.336221054180412615e+01
1.336233889481526127e+01
0.000000000000000000e+00
6.896777169072136893e-01
0.000000000000000000e+00
0.000000000000000000e+00
4.668937617305239929e-01
4.697893026109087322e-01
0.000000000000000000e+00
6.524595193258635184e-02
6.810004141260422861e-02
0.000000000000000000e+00
4.506717662141076705e-03
0.000000000000000000e+00
1.071655172925617405e+00
1.065432747268539648e+00
0.000000000000000000e+00
1.632236914786177806e+01
1.632033558120665973e+01
0.000000000000000000e+00
0.000000000000000000e+00
4.415640823641357737e-02
5.314328128021338776e-02
5.248694722236924709e-02
5.171357044151572713e-02
0.000000000000000000e+00
2.564234668098845482e+00
3.957181969529597776e+00
0.000000000000000000e+00
3.393304477262546470e+00
3.388703808332424128e+00
0.000000000000000000e+00
0.000000000000000000e+00
2.977301469034734568e-02
3.161290067112803442e-02
0.000000000000000000e+00
7.701285133167552033e+01
7.684042266170911262e+01
7.683642052150682389e+01
0.000000000000000000e+00
3.275687163967623827e-01
3.279985334163378341e-01
0.000000000000000000e+00
3.332061770911477705e+00
0.000000000000000000e+00
2.286968774419978756e-01
0.000000000000000000e+00
1.345964635792483172e-03
0.000000000000000000e+00
2.509280906927853581e-03
0.000000000000000000e+00
6.180090069809246245e+01
0.000000000000000000e+00
1.240383444187875028e+01
1.240372778892731276e+01
0.000000000000000000e+00
0.000000000000000000e+00
7.475412430828104471e-02
8.539839040227585609e-02
8.440511773057608746e-02
0.000000000000000000e+00
1.873738669460277978e-02
3.330383905661880861e-02
0.000000000000000000e+00
4.629913873655429768e+01
4.697778219720536441e+01
0.000000000000000000e+00
1.782875805911716327e+01
0.000000000000000000e+00
1.337850955647214235e+00
0.000000000000000000e+00
1.180069266739911171e+01
1.316046298377879431e+01
0.000000000000000000e+00
2.491346244746743821e+01
0.000000000000000000e+00
2.286944749769308061e+01
2.287018664508487475e+01
0.000000000000000000e+00
6.506422695451259397e-01
4.942163750225831986e-01
0.000000000000000000e+00
3.322637709301806552e+01
3.322133672497585621e+01
0.000000000000000000e+00
1.305941315588108864e+01
0.000000000000000000e+00
1.532211608092132238e+01
1.531988291051634832e+01
0.000000000000000000e+00
0.000000000000000000e+00
2.437694412366182561e+00
2.440982963224462399e+00
2.440601332749368524e+00
0.000000000000000000e+00
7.926630521239662330e-02
0.000000000000000000e+00
1.046145204973117693e+01
1.045896838028959586e+01
1.045898591376427689e+01
0.000000000000000000e+00
7.672370526075647209e-04
0.000000000000000000e+00
3.717429241358056657e+01
0.000000000000000000e+00
1.285089071509519565e+00
1.286813167717573814e+00
0.000000000000000000e+00
8.794281557849605235e+01
8.822437415892254364e+01
8.828515462327052887e+01
8.828561452270535881e+01
0.000000000000000000e+00
2.114918486029803424e-01
2.108991070957446368e-01
0.000000000000000000e+00
0.000000000000000000e+00
0.000000000000000000e+00
2.564055865455688310e-01
2.488631779590044779e-01
2.503781320316210701e-01
0.000000000000000000e+00
0.000000000000000000e+00
4.122804930539110124e-01
0.000000000000000000e+00
6.187568745969107553e-01
5.091608679386115943e-01
0.000000000000000000e+00
0.000000000000000000e+00
0.000000000000000000e+00
2.509371784035920072e+01
2.501379664391399160e+01
0.000000000000000000e+00
4.362349715895130764e-02
5.308847963670329517e-02
5.187057047707162999e-02
0.000000000000000000e+00
1.538742453172889935e-01
2.752291074090932876e-01
2.749241475978941307e-01
0.000000000000000000e+00
2.986516712314989608e+00
2.986300642759880386e+00
0.000000000000000000e+00
1.924343040748943467e+00
0.000000000000000000e+00
5.003192150051903653e+00
0.000000000000000000e+00
2.089511200897940096e-02
2.052402948866772006e-02
2.085183184394474171e-02
0.000000000000000000e+00
3.409561351657428929e+01
3.409507651518088522e+01
0.000000000000000000e+00
3.768783191202666055e-02
6.109778475842267409e-02
6.199615381100601064e-02
0.000000000000000000e+00
3.753272091975479174e-02
3.868775899721594441e-02
0.000000000000000000e+00
5.414705317040870547e+00
5.434102230520815979e+00
5.429589356179888249e+00
0.000000000000000000e+00
1.161192205643390247e-03
2.089653834603409296e-03
0.000000000000000000e+00
2.781115865098062745e+00
0.000000000000000000e+00
1.114988704227080962e+00
0.000000000000000000e+00
0.000000000000000000e+00
8.574226100091314473e-02
0.000000000000000000e+00
8.085421490600173955e-02
0.000000000000000000e+00
4.435632750617346431e+01
4.401773780422025339e+01
4.402003377759483271e+01
4.401749465398380323e+01
0.000000000000000000e+00
2.993822737795703501e-02
3.222863575828661953e-02
0.000000000000000000e+00
0.000000000000000000e+00
4.403831894433365979e-01
4.398111646442321998e-01
4.398960172143956404e-01
0.000000000000000000e+00
5.988588505223653158e+01
0.000000000000000000e+00
2.398626822546736925e-01
0.000000000000000000e+00
5.884117758679236962e-03
5.604629820488108739e-03
5.172246218351086479e-03
0.000000000000000000e+00
1.059459414093444490e-01
1.154974683526140411e-01
1.225559857422217763e-01
0.000000000000000000e+00
5.353959278362671270e+00
5.688177710161784084e+00
0.000000000000000000e+00
1.665691440793702280e-03
0.000000000000000000e+00
8.455202548067268253e+01
0.000000000000000000e+00
6.184942466736438327e-01
0.000000000000000000e+00
2.358001636616923857e+00
0.000000000000000000e+00
6.751517936830433823e-03
6.883829400615121101e-03
0.000000000000000000e+00
1.219212545992854994e-03
0.000000000000000000e+00
1.721168561075299364e+00
0.000000000000000000e+00
4.021657857827242721e-01
4.032177443243560311e-01
0.000000000000000000e+00
2.011803695872402264e-01
0.000000000000000000e+00
1.081552669758294449e-01
0.000000000000000000e+00
2.624381017502041002e-01
0.000000000000000000e+00
3.778246796004852172e-03
0.000000000000000000e+00
2.254469913140268525e-02
2.324631214054145162e-02
0.000000000000000000e+00
1.552240531290422767e-03
2.898736849598232326e-03
0.000000000000000000e+00
6.222744418942378619e-01
0.000000000000000000e+00
3.686192227623005802e-02
3.333983191697040271e-02
0.000000000000000000e+00
1.021513999776571579e-03
0.000000000000000000e+00
3.464457851879875015e-03
0.000000000000000000e+00
1.555907019980419803e-01
1.459175838912139533e-01
1.466916626913977728e-01
0.000000000000000000e+00
6.510304518510115201e+01
6.510161022124187014e+01
0.000000000000000000e+00
5.371267836082846969e-01
5.337515141450586142e-01
0.000000000000000000e+00
1.028864900258889570e+01
1.028644859939011447e+01
1.028246633717041014e+01
1.028066734946344596e+01
1.028045948900201978e+01
0.000000000000000000e+00
2.111406837333347497e-02
0.000000000000000000e+00
1.448544826524439388e-01
0.000000000000000000e+00
0.000000000000000000e+00
5.711857725298739030e-01
0.000000000000000000e+00
4.736715739006299941e+01
4.736740269613939347e+01
0.000000000000000000e+00
1.535818056546126575e+00
1.552225856491685763e+00
1.524622506592801185e+00
1.524049521480380864e+00
1.523605818629562680e+00
0.000000000000000000e+00
2.715748243823246089e+00
2.721331186035036875e+00
2.719354182794401442e+00
2.718485316091158399e+00
0.000000000000000000e+00
0.000000000000000000e+00
2.988586635755244858e-01
0.000000000000000000e+00
8.417492960872088759e+01
8.407911996313714553e+01
0.000000000000000000e+00
1.562032834005599724e-01
1.552535950657334962e-01
0.000000000000000000e+00
8.082381261400747974e+01
0.000000000000000000e+00
9.616475433735335088e+00
9.617083122611182588e+00
0.000000000000000000e+00
4.041791427468027220e-01
4.036887788186360737e-01
0.000000000000000000e+00
1.412541224300847498e+00
1.362177585164769944e+00
0.000000000000000000e+00
4.307284641078074072e-02
3.958755488344868623e-02
0.000000000000000000e+00
0.000000000000000000e+00
0.000000000000000000e+00
0.000000000000000000e+00
2.455517273841723025e-01
1.371282616351631733e-01
1.131361822092338543e-01
0.000000000000000000e+00
3.067196412548591056e+01
3.076481566655618494e+01
0.000000000000000000e+00
4.020902972482010701e-02
0.000000000000000000e+00
2.086492314572996609e-01
2.062861255366138791e-01
2.052743199281658049e-01
0.000000000000000000e+00
6.666519460488308513e-02
0.000000000000000000e+00
2.303898263337486707e+00
0.000000000000000000e+00
2.823858803981715404e+00
3.015131955831468868e+00
3.014327491873133091e+00
0.000000000000000000e+00
2.895005210796552930e-03
0.000000000000000000e+00
1.322535411757211232e+00
0.000000000000000000e+00
1.301412566537334947e-01
0.000000000000000000e+00
7.286081153757689548e-03
0.000000000000000000e+00
2.527816189001350772e-02
2.921659692409880535e-02
3.527347476677173549e-02
3.493912728423460845e-02
3.490315025702080132e-02
0.000000000000000000e+00
4.180151143465898195e-02
4.982720806603965769e-02
5.172278304464675291e-02
0.000000000000000000e+00
1.683378330330011774e-01
0.000000000000000000e+00
2.307735505344035687e+01
2.311609200903582817e+01
0.000000000000000000e+00
4.507830406640154775e-01
0.000000000000000000e+00
2.982879141113633711e-03
0.000000000000000000e+00
1.574033470609833077e-02
2.481467808831593763e-02
0.000000000000000000e+00
1.980395546872305151e-02
1.709163929591654002e-02
0.000000000000000000e+00
2.590944763763864955e+01
2.581400132440668571e+01
2.581407651073944365e+01
0.000000000000000000e+00
6.961936631544707765e+00
6.961594118485842309e+00
0.000000000000000000e+00
3.892011182737629277e-02
0.000000000000000000e+00
3.817629096540753153e+01
0.000000000000000000e+00
5.542166954357971576e-02
5.547543542606540173e-02
0.000000000000000000e+00
1.224715166133921902e-02
0.000000000000000000e+00
8.990993830593266622e+00
8.990915055606235384e+00
0.000000000000000000e+00
2.214693248924394856e-02
2.226463366268206789e-02
2.285185851408531171e-02
0.000000000000000000e+00
3.155380462003213538e+01
3.155709540396082957e+01
0.000000000000000000e+00
2.325243825036611423e+00
2.390732496372133475e+00
0.000000000000000000e+00
8.442575266719929061e+01
0.000000000000000000e+00
6.230536344108014712e-03
0.000000000000000000e+00
2.062589733019858651e-01
2.048292869856168930e-01
0.000000000000000000e+00
4.955619422628854825e-02
6.729811618282854901e-02
7.072901513354062919e-02
0.000000000000000000e+00
6.069698813929760917e+01
6.287931695645430352e+01
6.287247709264442364e+01
0.000000000000000000e+00
1.090619073744988725e-02
1.366781312068380931e-02
0.000000000000000000e+00
0.000000000000000000e+00
5.844803662014096401e-01
6.060205823270823355e-01
0.000000000000000000e+00
1.855559335932737364e+00
1.855368930309765352e+00
0.000000000000000000e+00
2.078892746803272740e+00
0.000000000000000000e+00
6.445428678476778828e+01
6.452675383808910681e+01
0.000000000000000000e+00
1.638244535262523627e+01
0.000000000000000000e+00
1.559426323451559328e-02
2.833748678481188762e-02
0.000000000000000000e+00
1.213193010100757308e+00
1.213039628074847442e+00
0.000000000000000000e+00
8.616776292707708368e-04
0.000000000000000000e+00
3.595554033995829180e-02
0.000000000000000000e+00
1.007622799153309856e+01
0.000000000000000000e+00
9.720036930686606347e-01
9.613041644496076454e-01
0.000000000000000000e+00
6.064679357475800600e-03
0.000000000000000000e+00
4.727043625857202613e+01
4.725870843114574882e+01
0.000000000000000000e+00
2.808482176629391834e-03
0.000000000000000000e+00
1.125908601065425500e-02
0.000000000000000000e+00
1.827908059060774984e-03
0.000000000000000000e+00
3.320658002726099234e+00
3.319563877729517998e+00
3.318861424722342690e+00
0.000000000000000000e+00
4.023951615807438209e+00
3.891250869557619119e+00
0.000000000000000000e+00
0.000000000000000000e+00
2.812899214730051889e-01
2.817957884003465252e-01
0.000000000000000000e+00
1.218716682796201489e+01
1.085038817784431586e+01
1.083449635364128660e+01
1.083805296585847877e+01
0.000000000000000000e+00
2.064768560020805310e+01
2.064718583869554536e+01
0.000000000000000000e+00
1.270532614912593949e-01
1.301976873227842224e-01
1.297753590750954089e-01
0.000000000000000000e+00
1.560159569616877823e-02
1.363236009987501066e-02
0.000000000000000000e+00
2.353858722113422348e-03
0.000000000000000000e+00
9.462208180452945427e+00
9.461004993792309747e+00
0.000000000000000000e+00
2.310654549026822449e-02
0.000000000000000000e+00
6.484160932442928349e-01
7.719739212430803965e-01
0.000000000000000000e+00
5.257171350316296454e-01
5.239807132518907729e-01
5.148964243870857160e-01
0.000000000000000000e+00
3.849418170674101872e-03
0.000000000000000000e+00
4.544010164567145460e-01
5.253782854629869270e-01
0.000000000000000000e+00
2.206356950332493128e+00
2.207009788831488795e+00
0.000000000000000000e+00
1.206823442282685815e-01
1.369385295210033826e-01
1.813057680661340210e-01
0.000000000000000000e+00
1.658748535230911703e+00
0.000000000000000000e+00
9.232488007936980046e-02
9.338630558919058799e-02
9.394849211037738235e-02
0.000000000000000000e+00
1.263358441622057342e-02
0.000000000000000000e+00
1.530108762792394550e-01
1.728962812556105733e-01
1.722441774816320381e-01
1.726830580965404427e-01
1.722595623362454531e-01
0.000000000000000000e+00
6.422749387450301176e-03
5.796746054879294008e-03
4.484567135611130899e-03
0.000000000000000000e+00
4.353925445224664931e-02
0.000000000000000000e+00
8.406604040735607625e-04
0.000000000000000000e+00
0.000000000000000000e+00
2.973012449788300593e+00
0.000000000000000000e+00
5.686727255236962009e+01
5.686737300054736721e+01
0.000000000000000000e+00
8.102527528934132306e+01
8.101740660906160940e+01
0.000000000000000000e+00
9.083422979855964446e-03
9.958778361180016178e-03
0.000000000000000000e+00
2.013250638137609461e-01
2.935347420175661304e-01
0.000000000000000000e+00
1.689302075503815387e-03
0.000000000000000000e+00
2.061974472677991221e-01
3.026638185615290189e-01
3.048431847158510899e-01
0.000000000000000000e+00
5.611483528697139178e+01
0.000000000000000000e+00
5.204163887154066720e-02
0.000000000000000000e+00
2.483740280166582881e+00
2.505149261843960140e+00
0.000000000000000000e+00
1.995291604689247045e+00
0.000000000000000000e+00
6.330673960013172286e-01
7.052864540072166788e-01
7.108830441696467606e-01
0.000000000000000000e+00
2.607391410091381978e-01
0.000000000000000000e+00
4.234352688218471172e+01
4.233517462553228938e+01
4.233473693247528757e+01
0.000000000000000000e+00
4.545129465428550120e+00
4.552067350750491848e+00
4.551092506062254905e+00
0.000000000000000000e+00
1.164356258114652987e-03
0.000000000000000000e+00
4.320834139773540272e+01
3.652483722642495678e+01
3.651336781543013643e+01
3.651415984747068677e+01
0.000000000000000000e+00
2.880988971586654485e-02
0.000000000000000000e+00
1.476441937991638476e+00
0.000000000000000000e+00
4.659755143798921355e-03
0.000000000000000000e+00
3.278445609675748051e-02
0.000000000000000000e+00
9.923581273840982320e+00
9.923091782414330098e+00
0.000000000000000000e+00
4.319493087407687282e-02
3.339298813617235656e-02
0.000000000000000000e+00
2.479606842676861794e-02
2.283757643286096067e-02
2.260183901381326854e-02
0.000000000000000000e+00
2.406210447307451927e-01
2.375022804825136225e-01
0.000000000000000000e+00
4.430653249535908278e-02
6.333415740433173680e-02
0.000000000000000000e+00
4.956451194887183220e+00
4.814197795916697054e+00
4.815948688195307525e+00
0.000000000000000000e+00
5.662301563300960877e-02
0.000000000000000000e+00
4.946170880835680350e+01
4.941262359965054429e+01
0.000000000000000000e+00
0.000000000000000000e+00
4.106016735636544568e-01
0.000000000000000000e+00
5.696608825800196507e-02
0.000000000000000000e+00
1.325111231876058846e-03
1.719713948671456162e-03
0.000000000000000000e+00
7.988720294481997664e-02
8.244792481138134288e-02
0.000000000000000000e+00
9.169554951247967448e-03
0.000000000000000000e+00
1.966998471312391672e+01
0.000000000000000000e+00
1.242710453806306591e-02
1.228240010796106604e-02
0.000000000000000000e+00
4.697659051791786666e+00
4.587973872301654765e+00
0.000000000000000000e+00
2.936538095342812026e-03
0.000000000000000000e+00
3.126526660676302166e-02
0.000000000000000000e+00
0.000000000000000000e+00
1.761191505807113145e-01
1.854294796405076273e-01
0.000000000000000000e+00
0.000000000000000000e+00
1.504477773716120237e-01
1.511528426518849721e-01
0.000000000000000000e+00
1.812667743611769966e+00
1.617253175236408991e+00
1.618907271089783384e+00
1.619154936554486390e+00
0.000000000000000000e+00
1.600142770308965234e+00
1.618195750872178929e+00
1.613919762827081383e+00
0.000000000000000000e+00
1.803293939976959026e-02
1.739426024457476488e-02
0.000000000000000000e+00
1.170804462505018240e+00
1.737480507495064108e+00
1.737884504917704964e+00
0.000000000000000000e+00
1.031768784780160653e+00
1.087602077165591652e+00
1.158928015281163182e+00
1.158984307763245347e+00
0.000000000000000000e+00
1.146400123284604423e-03
2.957789220886465533e-04
0.000000000000000000e+00
8.778283753964255531e-02
0.000000000000000000e+00
2.976278300618321104e+00
0.000000000000000000e+00
3.164724274045361274e-01
3.157255304265664253e-01
0.000000000000000000e+00
6.424069387522879371e-03
6.466261212367199404e-03
0.000000000000000000e+00
7.771933912053305415e-02
0.000000000000000000e+00
1.284858448206490777e+01
1.432021470088191251e+01
1.432224582782548161e+01
0.000000000000000000e+00
2.193644726797812014e-02
0.000000000000000000e+00
9.227290881477312467e-02
1.572707074339459443e-01
1.564978734254742765e-01
0.000000000000000000e+00
8.879971723345338575e+00
2.926696621566049483e+00
2.925201898751454088e+00
0.000000000000000000e+00
7.274307365831570449e-01
0.000000000000000000e+00
1.176492387798297283e-03
0.000000000000000000e+00
1.097700089026350945e+01
0.000000000000000000e+00
2.723907604495025888e-03
0.000000000000000000e+00
2.340244673709796289e-03
0.000000000000000000e+00
4.441099070493090967e-03
0.000000000000000000e+00
6.089042087315818530e-02
0.000000000000000000e+00
2.582360409189728492e-02
0.000000000000000000e+00
6.909300672202127735e+00
7.363715077409248799e+00
7.307710715364002851e+00
7.308003459828348092e+00
0.000000000000000000e+00
0.000000000000000000e+00
4.887446651713375445e+00
4.887102294691302973e+00
0.000000000000000000e+00
6.488869663934302909e-03
3.941566566075886333e-03
0.000000000000000000e+00
6.911831449765991620e-01
0.000000000000000000e+00
1.725173983554515594e-03
9.145698906303057841e-04
0.000000000000000000e+00
3.521756184016588409e-01
6.058559911799298314e-01
0.000000000000000000e+00
2.394160192574550268e-03
0.000000000000000000e+00
9.407333964459262815e-03
8.807107079089023308e-03
0.000000000000000000e+00
1.622067040369860056e-03
0.000000000000000000e+00
3.393521100649084588e+01
3.393447661992868092e+01
3.392568288453889380e+01
3.392448531167610071e+01
0.000000000000000000e+00
7.635680244656628535e-01
9.248135500847869395e-01
1.087471247411009090e+00
1.072627577865409965e+00
1.071150401842726696e+00
0.000000000000000000e+00
2.064277291908100335e-03
0.000000000000000000e+00
3.704875311010501093e+01
0.000000000000000000e+00
0.000000000000000000e+00
2.730673541796521143e-03
0.000000000000000000e+00
2.572662368097370589e+00
3.703480244530069410e+00
3.689212256491253505e+00
3.689961636993820626e+00
0.000000000000000000e+00
4.676308575794708133e+01
4.672361345665843402e+01
0.000000000000000000e+00
1.294568996606859868e+00
1.293633590053566707e+00
0.000000000000000000e+00
3.432344716285512607e-03
0.000000000000000000e+00
6.166255537635699675e-03
0.000000000000000000e+00
8.863039829654791646e+00
7.907943861681535402e+00
0.000000000000000000e+00
1.237190058265000107e-02
1.230877116715200191e-02
0.000000000000000000e+00
3.310340182060259387e-03
0.000000000000000000e+00
3.639070133935882329e-02
3.564550365185693154e-02
0.000000000000000000e+00
0.000000000000000000e+00
7.715758043431333868e-02
0.000000000000000000e+00
5.786417547322450896e-04
9.664534497744193533e-04
1.820568738682134830e-03
0.000000000000000000e+00
1.431829058191966553e+01
1.436251259561781701e+01
1.436139435584626156e+01
0.000000000000000000e+00
3.057558582945756331e-01
3.566120325439806060e-01
0.000000000000000000e+00
1.750094329849051222e-01
0.000000000000000000e+00
5.523939841593035471e-02
0.000000000000000000e+00
6.939406600199846675e-01
0.000000000000000000e+00
7.526344881987180990e+00
0.000000000000000000e+00
3.265340017409513251e+01
0.000000000000000000e+00
2.252889758167295475e-01
2.236829128361664809e-01
2.241850938159432594e-01
0.000000000000000000e+00
8.811107619297757765e-01
8.810484422391773318e-01
8.843134530842882146e-01
8.814235861068626665e-01
0.000000000000000000e+00
1.047564777801181357e+01
9.684222476426386450e+00
9.682872856823003360e+00
0.000000000000000000e+00
1.998249098377711874e+01
1.999456759608735368e+01
1.999309911169899223e+01
0.000000000000000000e+00
3.421440627631682219e+01
3.421115923819869664e+01
3.421138493207137543e+01
0.000000000000000000e+00
1.164717363770547548e-02
0.000000000000000000e+00
5.963869365131054678e+01
5.964131732379401285e+01
5.964332357244958160e+01
0.000000000000000000e+00
0.000000000000000000e+00
1.263734227350388828e+01
0.000000000000000000e+00
3.692161303224724637e-03
5.205091363442007624e-03
0.000000000000000000e+00
2.534345090471527492e-02
0.000000000000000000e+00
2.895961232417628928e+00
0.000000000000000000e+00
2.393724381833506243e+01
2.402321515030237364e+01
2.402353798688773168e+01
2.401590842369101964e+01
2.401986834387080094e+01
0.000000000000000000e+00
6.636421708834973343e-04
0.000000000000000000e+00
1.491671574730464578e-01
1.519159591548729926e-01
1.462202878780514137e-01
0.000000000000000000e+00
3.088209087707087797e+00
0.000000000000000000e+00
8.128850917620655814e-02
8.377970760382447146e-02
0.000000000000000000e+00
9.088334834844080667e-01
9.085363482913590971e-01
9.087056871575249772e-01
0.000000000000000000e+00
1.957873891929104770e+00
0.000000000000000000e+00
9.417342474723101875e-02
0.000000000000000000e+00
2.029512112940528301e-01
2.044072651964544407e-01
0.000000000000000000e+00
1.294249157183181669e-02
0.000000000000000000e+00
2.323912590771094688e+00
2.308429157195647452e+00
2.309241361094398926e+00
0.000000000000000000e+00
0.000000000000000000e+00
0.000000000000000000e+00
2.117510683040790376e+00
2.117383081529677469e+00
0.000000000000000000e+00
4.273697909022855512e+00
4.272223377009841450e+00
0.000000000000000000e+00
9.787955462898736414e+00
9.807668756864572401e+00
0.000000000000000000e+00
2.691534188171270658e-01
2.699671399435494279e-01
0.000000000000000000e+00
9.795537949114001108e+00
9.795239726032406224e+00
9.797698300473284050e+00
0.000000000000000000e+00
3.416656541258348834e-01
3.502184770828029037e-01
0.000000000000000000e+00
0.000000000000000000e+00
8.475956176374945983e+01
8.476031359410832522e+01
0.000000000000000000e+00
1.092185812237242537e+01
1.092089333209682600e+01
0.000000000000000000e+00
2.160751737950575898e-03
0.000000000000000000e+00
1.380412175280695541e-01
1.395361963638409586e-01
0.000000000000000000e+00
0.000000000000000000e+00
7.874991922361392060e-02
0.000000000000000000e+00
1.111961679184565038e-02
0.000000000000000000e+00
8.387267659559756536e-04
0.000000000000000000e+00
1.800804340013231419e+00
2.774185321337022003e+00
2.774361328935462279e+00
0.000000000000000000e+00
1.652986176811243935e+00
1.655524640192502783e+00
0.000000000000000000e+00
0.000000000000000000e+00
9.374861892752056391e+00
9.378503418590048213e+00
0.000000000000000000e+00
3.452860084864937562e+00
2.443527521466615227e+00
2.432827611376332744e+00
2.431861836328245818e+00
0.000000000000000000e+00
1.121211745816296457e+00
1.120805432360301168e+00
0.000000000000000000e+00
8.429948372078631402e-03
9.786519388994519356e-03
0.000000000000000000e+00
2.749403160945614877e-01
0.000000000000000000e+00
6.820123870789048803e-01
0.000000000000000000e+00
6.823004402662056177e-03
0.000000000000000000e+00
1.186724993443364351e+00
1.171207503116608040e+00
0.000000000000000000e+00
1.088135307760626702e+01
1.088522670131049530e+01
1.088656676670484558e+01
1.088768913443227682e+01
0.000000000000000000e+00
1.266851197363526478e-02
1.251119227472657913e-02
0.000000000000000000e+00
7.011204903682011214e-03
8.981031676708394612e-03
9.030460557229712595e-03
0.000000000000000000e+00
3.159833560294314503e-01
1.780618026852024416e-01
1.780199188973257962e-01
0.000000000000000000e+00
4.115324213141052789e-01
0.000000000000000000e+00
4.371494259792951809e+00
4.374489450980572514e+00
4.374936720782186761e+00
0.000000000000000000e+00
1.726273899263584127e-02
1.757232585394995217e-02
1.831320987295087868e-02
0.000000000000000000e+00
1.362394008800929014e-03
0.000000000000000000e+00
7.498603530250015723e-04
1.854526940310254795e-03
0.000000000000000000e+00
4.163666739783809412e+00
5.894817081360577582e+00
0.000000000000000000e+00
1.534044021576230765e-01
1.544155902978135153e-01
0.000000000000000000e+00
6.608748272326160113e-03
1.129311068076793191e-02
0.000000000000000000e+00
1.923923847793369279e-01
1.879777265120236018e-01
1.876672398019643695e-01
0.000000000000000000e+00
1.791805525462871395e-03
3.083406277599753421e-03
0.000000000000000000e+00
5.111569986690250289e+01
5.111465955768817793e+01
0.000000000000000000e+00
3.139924457277945558e-01
3.072280862202105833e-01
3.065140685339560189e-01
3.072007095956176825e-01
0.000000000000000000e+00
2.447908292482445756e-03
0.000000000000000000e+00
2.122380651566820563e-03
1.818609116707780270e-03
0.000000000000000000e+00
2.615535214528839347e+01
2.659898048126360237e+01
2.659634642694799211e+01
2.659049164000461474e+01
0.000000000000000000e+00
0.000000000000000000e+00
5.988236165640477005e+00
4.102588045494800717e+00
4.102292717801103272e+00
0.000000000000000000e+00
1.844323755284424382e-02
0.000000000000000000e+00
2.872360198942960560e-02
2.534794521280498564e-02
0.000000000000000000e+00
1.232986957932665550e+00
1.231798905441110481e+00
0.000000000000000000e+00
1.707975614804883900e-03
0.000000000000000000e+00
1.595339893237448506e-03
0.000000000000000000e+00
7.778582323846044977e-02
7.770468565845491116e-02
0.000000000000000000e+00
1.765445514361988801e-03
0.000000000000000000e+00
1.575556275873728040e+01
0.000000000000000000e+00
0.000000000000000000e+00
8.249321843487119610e-01
0.000000000000000000e+00
1.094956205397811466e+00
0.000000000000000000e+00
5.064865616452309638e+01
0.000000000000000000e+00
2.795204774714101816e-03
0.000000000000000000e+00
3.849331645530201795e-01
3.839414955595287227e-01
0.000000000000000000e+00
2.512754483734192590e+01
2.497957770151195334e+01
2.504140852249176419e+01
2.504511036892817799e+01
0.000000000000000000e+00
6.714328151395116372e-03
0.000000000000000000e+00
0.000000000000000000e+00
1.307039440752514603e-01
1.377577266224125352e-01
1.412651462731164265e-01
0.000000000000000000e+00
2.244448216059573026e-03
0.000000000000000000e+00
6.629990259657595253e+00
6.620114661502495501e+00
6.620059144257361972e+00
0.000000000000000000e+00
5.947111162044307520e+01
0.000000000000000000e+00
3.257673022076302410e-02
3.118217870819494850e-02
0.000000000000000000e+00
1.098738473296405971e+01
1.096314426400039821e+01
1.096302758301691149e+01
0.000000000000000000e+00
2.068056385939010422e+00
2.061322257165167038e+00
2.076553400016710960e+00
2.083694416102282787e+00
0.000000000000000000e+00
0.000000000000000000e+00
1.686493491312172910e-01
0.000000000000000000e+00
2.354337478455651222e+01
2.351686287082165805e+01
0.000000000000000000e+00
7.984947462322837453e+01
7.984880728378863068e+01
7.984417688265835977e+01
0.000000000000000000e+00
4.670598249405508162e-02
0.000000000000000000e+00
1.663070196584729743e+01
1.663089760913340953e+01
0.000000000000000000e+00
6.383048535415805115e-03
0.000000000000000000e+00
4.970297381513099147e-03
4.950627261861999077e-03
0.000000000000000000e+00
3.138837542754016607e-01
0.000000000000000000e+00
0.000000000000000000e+00
6.751038589394002531e-02
7.132639739913618215e-02
7.149645904276163977e-02
0.000000000000000000e+00
1.703101007404379885e+01
1.703269613507924518e+01
0.000000000000000000e+00
2.414070390258792609e-01
2.528901861521147820e-01
2.535891520327198112e-01
0.000000000000000000e+00
1.166390939081624190e+01
1.184840094814886591e+01
0.000000000000000000e+00
9.013167189651007938e-01
9.025386502820895718e-01
9.021635992610897992e-01
0.000000000000000000e+00
2.637904714986286092e-01
2.494027083232631115e-01
2.473617521133428532e-01
0.000000000000000000e+00
6.636409478210190116e+01
6.636360529001194664e+01
6.636355962315700197e+01
0.000000000000000000e+00
3.145243533941668090e+01
0.000000000000000000e+00
1.318245304323819103e-02
0.000000000000000000e+00
2.377909974595158148e-03
0.000000000000000000e+00
3.009586402464611066e+00
3.018035218683004839e+00
0.000000000000000000e+00
7.748624228204418429e+00
8.301751453937077585e+00
8.265992280477735932e+00
0.000000000000000000e+00
1.673514136825285728e-02
0.000000000000000000e+00
1.000958226376199578e+00
0.000000000000000000e+00
2.683819828401902363e+00
2.684046639460953898e+00
0.000000000000000000e+00
1.011641008730849722e-01
0.000000000000000000e+00
1.847307935603743401e+00
0.000000000000000000e+00
1.485172407142888495e+01
0.000000000000000000e+00
1.184560218380012880e-01
1.446330911712710721e-01
1.361911912442375638e-01
0.000000000000000000e+00
6.738259904060878824e+00
6.740934620158911983e+00
6.740368398298516972e+00
6.740070233444084735e+00
0.000000000000000000e+00
4.151543091627185333e+01
4.152754756976352013e+01
4.153024475204070853e+01
0.000000000000000000e+00
5.586878139273683708e+00
5.582149380312605658e+00
5.578283331560636604e+00
0.000000000000000000e+00
1.281268535938584474e+00
0.000000000000000000e+00
6.445168583902688431e-02
6.714662031882889792e-02
0.000000000000000000e+00
3.265271990925762147e-01
4.557272448703806877e-01
4.700925295402768600e-01
4.726677507458406091e-01
4.734124280790745765e-01
0.000000000000000000e+00
2.109031265956995682e+01
2.109156702239017989e+01
2.109168224479605414e+01
0.000000000000000000e+00
2.560143624796220152e+00
2.634146199910821995e+00
2.632920434542122212e+00
0.000000000000000000e+00
5.775818856072093554e-01
0.000000000000000000e+00
1.561997721842751886e-03
0.000000000000000000e+00
1.168586019291652356e+01
1.168548952397925689e+01
0.000000000000000000e+00
2.277718796393928338e-02
0.000000000000000000e+00
8.204237771987100969e-02
0.000000000000000000e+00
7.180893911001361118e+01
7.181713418441150054e+01
0.000000000000000000e+00
0.000000000000000000e+00
1.613241631342593940e-03
0.000000000000000000e+00
6.127042469677652647e-01
6.097944978862468446e-01
0.000000000000000000e+00
0.000000000000000000e+00
6.604349765102015546e-01
0.000000000000000000e+00
3.563187291657968991e+00
3.563005072782758020e+00
0.000000000000000000e+00
2.884484772651782492e-01
2.796694250057399911e-01
0.000000000000000000e+00
3.958516546519589285e-01
1.161956909577912977e+00
1.225476700595933055e+00
1.224380906831641358e+00
1.224691436013735757e+00
0.000000000000000000e+00
1.316904050039365524e-02
1.506166915330783666e-02
1.499868556657315936e-02
1.455605497243307560e-02
0.000000000000000000e+00
2.925591895195024401e-03
0.000000000000000000e+00
4.946722944499974961e-01
7.566570550762926617e-01
0.000000000000000000e+00
1.982622782619638757e+00
2.028810939845623995e+00
2.024563145488284643e+00
0.000000000000000000e+00
5.469817355580712803e-01
2.304940862223334719e-01
0.000000000000000000e+00
4.409091280359641041e-01
4.137332770723430309e-01
0.000000000000000000e+00
9.752407201175533093e-04
0.000000000000000000e+00
1.116128129787715251e+00
1.705856764088870214e+00
1.342419830908208045e+00
1.342291475869397344e+00
0.000000000000000000e+00
7.066315279869855637e+00
7.065933464518070473e+00
0.000000000000000000e+00
2.804394870966894215e-01
2.787698272098272922e-01
0.000000000000000000e+00
8.616635121930008284e-04
1.044276363669716752e-03
0.000000000000000000e+00
1.679412419354030933e-02
2.006596130596761257e-02
1.445408128190367805e-02
0.000000000000000000e+00
6.967591524206825682e+01
0.000000000000000000e+00
2.103944649115589982e-01
2.043462248618888311e-01
0.000000000000000000e+00
1.615072812587450835e-02
2.876500163782926348e-02
0.000000000000000000e+00
8.023618969965836456e+00
7.938995399590861979e+00
0.000000000000000000e+00
2.266203563039394242e-03
0.000000000000000000e+00
9.584961360735814182e-04
1.884393012753863986e-03
0.000000000000000000e+00
1.621301985022993497e+00
0.000000000000000000e+00
7.969661542037259974e-03
0.000000000000000000e+00
1.341668210137674322e+01
1.338693938290739283e+01
0.000000000000000000e+00
7.749968941010286494e-02
0.000000000000000000e+00
2.861884498699216461e-01
3.823751769340606455e-01
0.000000000000000000e+00
1.034383736908283113e+00
1.028758530444996877e+00
0.000000000000000000e+00
1.554536310769860825e-03
0.000000000000000000e+00
0.000000000000000000e+00
5.132268542110965219e-03
3.018701074314606055e-03
0.000000000000000000e+00
1.764475728546105113e-02
2.229801733877573994e-02
0.000000000000000000e+00
2.833454406740625389e-02
2.643330116209869837e-02
0.000000000000000000e+00
5.241265170711678634e-01
5.265132574754799455e-01
0.000000000000000000e+00
3.779849717375496709e+01
3.779689866620916661e+01
3.779897644269612300e+01
3.780073938855453264e+01
0.000000000000000000e+00
3.418814176323550780e-01
3.933051949456697338e-01
0.000000000000000000e+00
5.332458301664201317e-01
7.413114734698293962e-01
9.250253944460874456e-01
9.282721142416249238e-01
0.000000000000000000e+00
6.002278101315999592e+00
8.695057253890386306e+00
8.694480211850185825e+00
0.000000000000000000e+00
1.934735282111586796e-02
1.841062715782271209e-02
0.000000000000000000e+00
3.000841668259976558e+01
3.000577329689150474e+01
0.000000000000000000e+00
1.066552078350836577e-03
0.000000000000000000e+00
4.143325970430331040e+01
4.143328985291141464e+01
0.000000000000000000e+00
1.599743544824696384e+00
0.000000000000000000e+00
6.028044313508945429e+00
0.000000000000000000e+00
8.143218829930117408e+01
0.000000000000000000e+00
2.738683355727181655e-03
0.000000000000000000e+00
2.590707573124345076e-01
2.490903680183950974e-01
0.000000000000000000e+00
1.305343449390233661e-02
0.000000000000000000e+00
3.083274218652283516e-02
0.000000000000000000e+00
6.918938974450935531e-01
8.104874910053820880e-01
8.094362118154259100e-01
0.000000000000000000e+00
7.503838979185266378e-02
7.602720152186687175e-02
0.000000000000000000e+00
2.098900080377922972e+00
2.431749718641985858e+00
2.431559650332820954e+00
0.000000000000000000e+00
8.766728791687022904e-01
8.759258017517815853e-01
0.000000000000000000e+00
2.296233325626569066e-01
2.379204399346983023e-01
0.000000000000000000e+00
1.038978638916998815e-03
0.000000000000000000e+00
3.095907525451185860e-01
0.000000000000000000e+00
1.261909838875724821e-03
0.000000000000000000e+00
9.527292512220627785e+00
9.524221300339430485e+00
0.000000000000000000e+00
0.000000000000000000e+00
1.519194686592244964e-02
8.780054297573936656e-03
0.000000000000000000e+00
0.000000000000000000e+00
1.719716868666363099e-02
1.847905859332732090e-02
1.841958860922798119e-02
0.000000000000000000e+00
7.901263142267929140e-01
7.898261400150040634e-01
0.000000000000000000e+00
7.485685617760719224e-02
0.000000000000000000e+00
3.662502276655978384e-01
3.928930212735479710e-01
3.779797229352296895e-01
3.796924612200885951e-01
0.000000000000000000e+00
7.268050767110725019e+01
0.000000000000000000e+00
4.834416266317341677e-03
0.000000000000000000e+00
3.768770086094100358e-01
4.932802952979174482e-01
0.000000000000000000e+00
7.745223746704087316e-03
1.169451425878408925e-02
0.000000000000000000e+00
3.274973099403414523e+01
3.029711054369557388e+01
3.029700191174631030e+01
0.000000000000000000e+00
1.750955095958910412e-01
1.742196189225114766e-01
1.822729943562620969e-01
0.000000000000000000e+00
0.000000000000000000e+00
6.056039024139332483e-01
0.000000000000000000e+00
1.354086246609020969e-03
0.000000000000000000e+00
1.269270830167837927e+00
1.230013020322384465e+00
0.000000000000000000e+00
3.120660797398702724e-01
3.089272693704601669e-01
0.000000000000000000e+00
3.409467419529996039e-03
6.566324487232951587e-04
6.482487286351840128e-04
0.000000000000000000e+00
3.037814593206055944e-02
0.000000000000000000e+00
8.052267699810888857e-02
0.000000000000000000e+00
0.000000000000000000e+00
5.046039122222224194e+01
0.000000000000000000e+00
2.806699735862662193e-01
2.832371383585606250e-01
0.000000000000000000e+00
1.892187282607582510e-02
2.107792940111861274e-02
0.000000000000000000e+00
1.724831166046740805e-01
1.706778385878097992e-01
0.000000000000000000e+00
6.061890499857395254e-01
6.168454786496553321e-01
0.000000000000000000e+00
2.993382411129570653e-02
4.909276300492731310e-02
5.118467103341296787e-02
0.000000000000000000e+00
4.082835869567632336e+00
0.000000000000000000e+00
9.915070907215557672e-03
0.000000000000000000e+00
0.000000000000000000e+00
6.313433595397291605e-03
0.000000000000000000e+00
2.917216931649687511e-02
3.775211963242958157e-02
0.000000000000000000e+00
1.666703826002531130e+01
0.000000000000000000e+00
3.660011506642582395e-03
0.000000000000000000e+00
2.212109787125035254e+00
0.000000000000000000e+00
1.394415854106223485e-02
0.000000000000000000e+00
4.079599003409066504e-02
4.515594532492297336e-02
0.000000000000000000e+00
4.783970415361358391e-02
4.832856358490367904e-02
0.000000000000000000e+00
1.945538833101748466e+00
1.950187923567900938e+00
0.000000000000000000e+00
1.720155044836213232e-01
0.000000000000000000e+00
1.274352173197053339e+01
1.274499666671446008e+01
0.000000000000000000e+00
2.670857208655259996e+00
2.688978464546637248e+00
0.000000000000000000e+00
1.251389903497792354e-02
3.572652900940945925e-03
5.256439174993528252e-03
0.000000000000000000e+00
7.492457542722232933e-04
0.000000000000000000e+00
1.049832454653117433e-02
0.000000000000000000e+00
1.150486272247937158e+01
0.000000000000000000e+00
4.045940258247556187e+01
0.000000000000000000e+00
2.794640501188805359e+00
2.797948103672788012e+00
2.798702899476467110e+00
0.000000000000000000e+00
1.221910874374432510e+01
1.221918956845931348e+01
0.000000000000000000e+00
0.000000000000000000e+00
4.062466546691155533e-02
0.000000000000000000e+00
1.377842221704589365e+00
1.403833114599682297e+00
0.000000000000000000e+00
2.967089022019930300e-01
0.000000000000000000e+00
2.698696345158394915e-03
3.262740947804695056e-03
0.000000000000000000e+00
7.812401643065350343e-02
7.899701383517854225e-02
0.000000000000000000e+00
1.325145683427162227e-02
0.000000000000000000e+00
8.557534296277262698e+00
8.556701153284945960e+00
0.000000000000000000e+00
8.285759860016717049e-02
0.000000000000000000e+00
2.250154753127955268e-03
0.000000000000000000e+00
9.203882281608519178e-02
9.112707508962693270e-02
0.000000000000000000e+00
2.928515641094414645e-02
