Arquivo
806902875097e+01
3.034072192403039381e+01
1.354700937720771314e+01
4.766971030130223141e+01
2.767243956982017750e+01
3.095867813468523622e+01
2.185315923080802492e+01
2.970296402733828245e+01
3.409160627225761431e+01
6.292192528908035598e+01
7.200571569848966647e+01
2.490904155529090502e+01
3.549395875411061496e+01
2.875884780505957394e+01
1.919379471684737481e+01
3.493978651162178295e+01
1.083747773748691401e+01
3.363841487968359445e+01
3.589500691266052002e+01
7.465931686836963621e+00
1.296080308322985175e+01
3.006753644312605545e+01
2.998959765548069001e+01
2.896139777513052138e+01
1.366003570333229433e+01
1.874380295930903273e+01
1.222501832531446908e+01
7.482695582780625898e+01
2.895723435973869186e+01
1.162139009049875682e+01
9.436906915027607923e+00
3.367261528252385006e+01
2.428463641381239668e+01
1.618998512260726486e+01
1.956084447226388789e+01
7.799858947341662407e+00
4.775222769574546788e+01
5.207365678614926452e+01
2.095366398377161943e+01
3.698942786852772713e+01
2.722703732954666833e+01
1.840343624285816659e+01
8.749013972389713345e+00
1.135457805955910437e+01
3.766797348477555829e+01
2.878491194474132797e+01
7.109394175822913553e+00
3.894161884615926539e+01
1.536579319161014290e+01
2.679575125031420058e+01
3.748849941855170442e+01
